e-0-0 0 0 1 0
e-2-0 2 0 1 0
e-3-0 3 0 1 0
e-4-0 4 0 1 0
e-6-0 6 0 0 1
e-7-0 7 0 0 1
e-10-0 10 0 0 1
e-22-0 22 0 0 1
e-45-0 45 0 0 1
e-48-0 48 0 0 1
e-50-0 50 0 0 1
e-69-0 69 0 0 1
e-78-0 78 0 0 1
e-82-0 82 0 1 2
e-83-0 83 0 1 2
e-85-0 85 0 1 2
e-89-0 89 0 1 2
e-0-1 0 1 1 0
e-2-1 2 1 1 0
e-3-1 3 1 1 0
e-4-1 4 1 1 0
e-6-1 6 1 0 1
e-7-1 7 1 0 1
e-10-1 10 1 0 1
e-31-1 31 1 0 1
e-45-1 45 1 0 1
e-48-1 48 1 0 1
e-52-1 52 1 0 1
e-65-1 65 1 0 1
e-78-1 78 1 0 1
e-82-1 82 1 1 2
e-83-1 83 1 1 2
e-85-1 85 1 1 2
e-89-1 89 1 1 2
e-0-2 0 2 1 0
e-2-2 2 2 1 0
e-3-2 3 2 1 0
e-4-2 4 2 1 0
e-6-2 6 2 0 1
e-7-2 7 2 0 1
e-10-2 10 2 0 1
e-32-2 32 2 0 1
e-44-2 44 2 0 1
e-48-2 48 2 0 1
e-52-2 52 2 0 1
e-58-2 58 2 0 1
e-78-2 78 2 0 1
e-82-2 82 2 1 2
e-83-2 83 2 1 2
e-84-2 84 2 1 2
e-85-2 85 2 1 2
e-89-2 89 2 1 2
e-0-3 0 3 1 0
e-2-3 2 3 1 0
e-3-3 3 3 1 0
e-4-3 4 3 1 0
e-6-3 6 3 0 1
e-7-3 7 3 0 1
e-10-3 10 3 0 1
e-40-3 40 3 0 1
e-42-3 42 3 0 1
e-48-3 48 3 0 1
e-52-3 52 3 0 1
e-69-3 69 3 0 1
e-78-3 78 3 0 1
e-82-3 82 3 1 2
e-83-3 83 3 1 2
e-85-3 85 3 1 2
e-89-3 89 3 1 2
e-0-4 0 4 1 0
e-2-4 2 4 1 0
e-3-4 3 4 1 0
e-4-4 4 4 1 0
e-6-4 6 4 0 1
e-7-4 7 4 0 1
e-10-4 10 4 0 1
e-14-4 14 4 0 1
e-45-4 45 4 0 1
e-48-4 48 4 0 1
e-53-4 53 4 0 1
e-66-4 66 4 0 1
e-78-4 78 4 0 1
e-82-4 82 4 1 2
e-83-4 83 4 1 2
e-85-4 85 4 1 2
e-89-4 89 4 1 2
e-0-5 0 5 1 0
e-2-5 2 5 1 0
e-3-5 3 5 1 0
e-4-5 4 5 1 0
e-6-5 6 5 0 1
e-7-5 7 5 0 1
e-10-5 10 5 0 1
e-40-5 40 5 0 1
e-42-5 42 5 0 1
e-49-5 49 5 0 1
e-50-5 50 5 0 1
e-70-5 70 5 0 1
e-78-5 78 5 0 1
e-82-5 82 5 1 2
e-83-5 83 5 1 2
e-85-5 85 5 1 2
e-89-5 89 5 1 2
e-0-6 0 6 1 0
e-2-6 2 6 1 0
e-3-6 3 6 1 0
e-4-6 4 6 1 0
e-6-6 6 6 0 1
e-7-6 7 6 0 1
e-10-6 10 6 0 1
e-40-6 40 6 0 1
e-42-6 42 6 0 1
e-48-6 48 6 0 1
e-53-6 53 6 0 1
e-76-6 76 6 0 1
e-78-6 78 6 0 1
e-82-6 82 6 1 2
e-83-6 83 6 1 2
e-85-6 85 6 1 2
e-89-6 89 6 1 2
e-0-7 0 7 1 0
e-2-7 2 7 1 0
e-3-7 3 7 1 0
e-4-7 4 7 1 0
e-6-7 6 7 0 1
e-7-7 7 7 0 1
e-10-7 10 7 0 1
e-29-7 29 7 0 1
e-44-7 44 7 0 1
e-48-7 48 7 0 1
e-53-7 53 7 0 1
e-69-7 69 7 0 1
e-78-7 78 7 0 1
e-82-7 82 7 1 2
e-83-7 83 7 1 2
e-85-7 85 7 1 2
e-89-7 89 7 1 2
e-0-8 0 8 1 0
e-2-8 2 8 1 0
e-3-8 3 8 1 0
e-4-8 4 8 1 0
e-6-8 6 8 0 1
e-7-8 7 8 0 1
e-10-8 10 8 0 1
e-17-8 17 8 0 1
e-45-8 45 8 0 1
e-49-8 49 8 0 1
e-51-8 51 8 0 1
e-75-8 75 8 0 1
e-77-8 77 8 0 1
e-82-8 82 8 1 2
e-83-8 83 8 1 2
e-85-8 85 8 1 2
e-89-8 89 8 1 2
e-0-9 0 9 1 0
e-2-9 2 9 1 0
e-3-9 3 9 1 0
e-4-9 4 9 1 0
e-6-9 6 9 0 1
e-7-9 7 9 0 1
e-10-9 10 9 0 1
e-30-9 30 9 0 1
e-44-9 44 9 0 1
e-48-9 48 9 0 1
e-50-9 50 9 0 1
e-63-9 63 9 0 1
e-78-9 78 9 0 1
e-82-9 82 9 1 2
e-83-9 83 9 1 2
e-84-9 84 9 1 2
e-85-9 85 9 1 2
e-89-9 89 9 1 2
e-0-10 0 10 1 0
e-1-10 1 10 1 0
e-2-10 2 10 1 0
e-3-10 3 10 1 0
e-4-10 4 10 1 0
e-5-10 5 10 0 1
e-8-10 8 10 0 1
e-9-10 9 10 0 1
e-27-10 27 10 0 1
e-46-10 46 10 0 1
e-48-10 48 10 0 1
e-50-10 50 10 0 1
e-73-10 73 10 0 1
e-78-10 78 10 0 1
e-80-10 80 10 0 1
e-81-10 81 10 0 1
e-86-10 86 10 1 2
e-87-10 87 10 1 2
e-88-10 88 10 1 2
e-89-10 89 10 1 2
e-0-11 0 11 1 0
e-2-11 2 11 1 0
e-3-11 3 11 1 0
e-4-11 4 11 1 0
e-6-11 6 11 0 1
e-7-11 7 11 0 1
e-10-11 10 11 0 1
e-38-11 38 11 0 1
e-45-11 45 11 0 1
e-48-11 48 11 0 1
e-53-11 53 11 0 1
e-61-11 61 11 0 1
e-78-11 78 11 0 1
e-82-11 82 11 1 2
e-83-11 83 11 1 2
e-84-11 84 11 1 2
e-85-11 85 11 1 2
e-89-11 89 11 1 2
e-0-12 0 12 1 0
e-2-12 2 12 1 0
e-3-12 3 12 1 0
e-4-12 4 12 1 0
e-6-12 6 12 0 1
e-7-12 7 12 0 1
e-10-12 10 12 0 1
e-36-12 36 12 0 1
e-44-12 44 12 0 1
e-48-12 48 12 0 1
e-53-12 53 12 0 1
e-59-12 59 12 0 1
e-78-12 78 12 0 1
e-82-12 82 12 1 2
e-83-12 83 12 1 2
e-85-12 85 12 1 2
e-89-12 89 12 1 2
e-0-13 0 13 1 0
e-1-13 1 13 1 0
e-2-13 2 13 1 0
e-3-13 3 13 1 0
e-4-13 4 13 1 0
e-5-13 5 13 0 1
e-8-13 8 13 0 1
e-9-13 9 13 0 1
e-27-13 27 13 0 1
e-46-13 46 13 0 1
e-48-13 48 13 0 1
e-50-13 50 13 0 1
e-69-13 69 13 0 1
e-78-13 78 13 0 1
e-80-13 80 13 0 1
e-81-13 81 13 0 1
e-86-13 86 13 1 2
e-87-13 87 13 1 2
e-88-13 88 13 1 2
e-89-13 89 13 1 2
e-0-14 0 14 1 0
e-2-14 2 14 1 0
e-3-14 3 14 1 0
e-4-14 4 14 1 0
e-6-14 6 14 0 1
e-7-14 7 14 0 1
e-10-14 10 14 0 1
e-17-14 17 14 0 1
e-45-14 45 14 0 1
e-48-14 48 14 0 1
e-53-14 53 14 0 1
e-69-14 69 14 0 1
e-78-14 78 14 0 1
e-82-14 82 14 1 2
e-83-14 83 14 1 2
e-85-14 85 14 1 2
e-89-14 89 14 1 2
e-0-15 0 15 1 0
e-2-15 2 15 1 0
e-3-15 3 15 1 0
e-4-15 4 15 1 0
e-6-15 6 15 0 1
e-7-15 7 15 0 1
e-10-15 10 15 0 1
e-40-15 40 15 0 1
e-42-15 42 15 0 1
e-49-15 49 15 0 1
e-52-15 52 15 0 1
e-72-15 72 15 0 1
e-77-15 77 15 0 1
e-82-15 82 15 1 2
e-83-15 83 15 1 2
e-85-15 85 15 1 2
e-89-15 89 15 1 2
e-0-16 0 16 1 0
e-2-16 2 16 1 0
e-3-16 3 16 1 0
e-4-16 4 16 1 0
e-6-16 6 16 0 1
e-7-16 7 16 0 1
e-10-16 10 16 0 1
e-33-16 33 16 0 1
e-42-16 42 16 0 1
e-49-16 49 16 0 1
e-52-16 52 16 0 1
e-71-16 71 16 0 1
e-78-16 78 16 0 1
e-82-16 82 16 1 2
e-83-16 83 16 1 2
e-85-16 85 16 1 2
e-89-16 89 16 1 2
e-0-17 0 17 1 0
e-1-17 1 17 1 0
e-2-17 2 17 1 0
e-3-17 3 17 1 0
e-4-17 4 17 1 0
e-5-17 5 17 0 1
e-8-17 8 17 0 1
e-9-17 9 17 0 1
e-27-17 27 17 0 1
e-46-17 46 17 0 1
e-48-17 48 17 0 1
e-50-17 50 17 0 1
e-70-17 70 17 0 1
e-78-17 78 17 0 1
e-80-17 80 17 0 1
e-81-17 81 17 0 1
e-86-17 86 17 1 2
e-87-17 87 17 1 2
e-88-17 88 17 1 2
e-89-17 89 17 1 2
e-0-18 0 18 1 0
e-2-18 2 18 1 0
e-3-18 3 18 1 0
e-4-18 4 18 1 0
e-6-18 6 18 0 1
e-7-18 7 18 0 1
e-10-18 10 18 0 1
e-17-18 17 18 0 1
e-45-18 45 18 0 1
e-48-18 48 18 0 1
e-52-18 52 18 0 1
e-63-18 63 18 0 1
e-78-18 78 18 0 1
e-82-18 82 18 1 2
e-83-18 83 18 1 2
e-85-18 85 18 1 2
e-89-18 89 18 1 2
e-0-19 0 19 1 0
e-2-19 2 19 1 0
e-3-19 3 19 1 0
e-4-19 4 19 1 0
e-6-19 6 19 0 1
e-7-19 7 19 0 1
e-10-19 10 19 0 1
e-40-19 40 19 0 1
e-42-19 42 19 0 1
e-49-19 49 19 0 1
e-51-19 51 19 0 1
e-61-19 61 19 0 1
e-78-19 78 19 0 1
e-82-19 82 19 1 2
e-83-19 83 19 1 2
e-85-19 85 19 1 2
e-89-19 89 19 1 2
e-0-20 0 20 1 0
e-2-20 2 20 1 0
e-3-20 3 20 1 0
e-4-20 4 20 1 0
e-6-20 6 20 0 1
e-7-20 7 20 0 1
e-10-20 10 20 0 1
e-17-20 17 20 0 1
e-44-20 44 20 0 1
e-49-20 49 20 0 1
e-51-20 51 20 0 1
e-70-20 70 20 0 1
e-78-20 78 20 0 1
e-82-20 82 20 1 2
e-83-20 83 20 1 2
e-85-20 85 20 1 2
e-89-20 89 20 1 2
e-0-21 0 21 1 0
e-2-21 2 21 1 0
e-3-21 3 21 1 0
e-4-21 4 21 1 0
e-6-21 6 21 0 1
e-7-21 7 21 0 1
e-10-21 10 21 0 1
e-37-21 37 21 0 1
e-44-21 44 21 0 1
e-49-21 49 21 0 1
e-52-21 52 21 0 1
e-75-21 75 21 0 1
e-78-21 78 21 0 1
e-82-21 82 21 1 2
e-83-21 83 21 1 2
e-85-21 85 21 1 2
e-89-21 89 21 1 2
e-0-22 0 22 1 0
e-2-22 2 22 1 0
e-3-22 3 22 1 0
e-4-22 4 22 1 0
e-6-22 6 22 0 1
e-7-22 7 22 0 1
e-10-22 10 22 0 1
e-17-22 17 22 0 1
e-44-22 44 22 0 1
e-48-22 48 22 0 1
e-53-22 53 22 0 1
e-72-22 72 22 0 1
e-78-22 78 22 0 1
e-82-22 82 22 1 2
e-83-22 83 22 1 2
e-85-22 85 22 1 2
e-89-22 89 22 1 2
e-0-23 0 23 1 0
e-2-23 2 23 1 0
e-3-23 3 23 1 0
e-4-23 4 23 1 0
e-6-23 6 23 0 1
e-7-23 7 23 0 1
e-10-23 10 23 0 1
e-17-23 17 23 0 1
e-45-23 45 23 0 1
e-48-23 48 23 0 1
e-52-23 52 23 0 1
e-63-23 63 23 0 1
e-78-23 78 23 0 1
e-82-23 82 23 1 2
e-83-23 83 23 1 2
e-85-23 85 23 1 2
e-89-23 89 23 1 2
e-0-24 0 24 1 0
e-2-24 2 24 1 0
e-3-24 3 24 1 0
e-4-24 4 24 1 0
e-6-24 6 24 0 1
e-7-24 7 24 0 1
e-10-24 10 24 0 1
e-17-24 17 24 0 1
e-42-24 42 24 0 1
e-49-24 49 24 0 1
e-51-24 51 24 0 1
e-75-24 75 24 0 1
e-77-24 77 24 0 1
e-82-24 82 24 1 2
e-83-24 83 24 1 2
e-85-24 85 24 1 2
e-89-24 89 24 1 2
e-0-25 0 25 1 0
e-2-25 2 25 1 0
e-3-25 3 25 1 0
e-4-25 4 25 1 0
e-6-25 6 25 0 1
e-7-25 7 25 0 1
e-10-25 10 25 0 1
e-40-25 40 25 0 1
e-42-25 42 25 0 1
e-48-25 48 25 0 1
e-53-25 53 25 0 1
e-59-25 59 25 0 1
e-78-25 78 25 0 1
e-82-25 82 25 1 2
e-83-25 83 25 1 2
e-85-25 85 25 1 2
e-89-25 89 25 1 2
e-0-26 0 26 1 0
e-2-26 2 26 1 0
e-3-26 3 26 1 0
e-4-26 4 26 1 0
e-6-26 6 26 0 1
e-7-26 7 26 0 1
e-10-26 10 26 0 1
e-17-26 17 26 0 1
e-44-26 44 26 0 1
e-48-26 48 26 0 1
e-52-26 52 26 0 1
e-69-26 69 26 0 1
e-78-26 78 26 0 1
e-82-26 82 26 1 2
e-83-26 83 26 1 2
e-85-26 85 26 1 2
e-89-26 89 26 1 2
e-0-27 0 27 1 0
e-2-27 2 27 1 0
e-3-27 3 27 1 0
e-4-27 4 27 1 0
e-6-27 6 27 0 1
e-7-27 7 27 0 1
e-10-27 10 27 0 1
e-32-27 32 27 0 1
e-44-27 44 27 0 1
e-48-27 48 27 0 1
e-52-27 52 27 0 1
e-57-27 57 27 0 1
e-78-27 78 27 0 1
e-82-27 82 27 1 2
e-83-27 83 27 1 2
e-85-27 85 27 1 2
e-89-27 89 27 1 2
e-0-28 0 28 1 0
e-2-28 2 28 1 0
e-3-28 3 28 1 0
e-4-28 4 28 1 0
e-6-28 6 28 0 1
e-7-28 7 28 0 1
e-10-28 10 28 0 1
e-17-28 17 28 0 1
e-44-28 44 28 0 1
e-48-28 48 28 0 1
e-53-28 53 28 0 1
e-71-28 71 28 0 1
e-78-28 78 28 0 1
e-82-28 82 28 1 2
e-83-28 83 28 1 2
e-85-28 85 28 1 2
e-89-28 89 28 1 2
e-0-29 0 29 1 0
e-2-29 2 29 1 0
e-3-29 3 29 1 0
e-4-29 4 29 1 0
e-6-29 6 29 0 1
e-7-29 7 29 0 1
e-10-29 10 29 0 1
e-19-29 19 29 0 1
e-42-29 42 29 0 1
e-48-29 48 29 0 1
e-52-29 52 29 0 1
e-73-29 73 29 0 1
e-77-29 77 29 0 1
e-82-29 82 29 1 2
e-83-29 83 29 1 2
e-85-29 85 29 1 2
e-89-29 89 29 1 2
e-0-30 0 30 1 0
e-2-30 2 30 1 0
e-3-30 3 30 1 0
e-4-30 4 30 1 0
e-6-30 6 30 0 1
e-7-30 7 30 0 1
e-10-30 10 30 0 1
e-40-30 40 30 0 1
e-42-30 42 30 0 1
e-48-30 48 30 0 1
e-53-30 53 30 0 1
e-59-30 59 30 0 1
e-78-30 78 30 0 1
e-82-30 82 30 1 2
e-83-30 83 30 1 2
e-85-30 85 30 1 2
e-89-30 89 30 1 2
e-0-31 0 31 1 0
e-2-31 2 31 1 0
e-3-31 3 31 1 0
e-4-31 4 31 1 0
e-6-31 6 31 0 1
e-7-31 7 31 0 1
e-10-31 10 31 0 1
e-31-31 31 31 0 1
e-45-31 45 31 0 1
e-48-31 48 31 0 1
e-52-31 52 31 0 1
e-65-31 65 31 0 1
e-78-31 78 31 0 1
e-82-31 82 31 1 2
e-83-31 83 31 1 2
e-85-31 85 31 1 2
e-89-31 89 31 1 2
e-0-32 0 32 1 0
e-2-32 2 32 1 0
e-3-32 3 32 1 0
e-4-32 4 32 1 0
e-6-32 6 32 0 1
e-7-32 7 32 0 1
e-10-32 10 32 0 1
e-40-32 40 32 0 1
e-42-32 42 32 0 1
e-49-32 49 32 0 1
e-51-32 51 32 0 1
e-72-32 72 32 0 1
e-77-32 77 32 0 1
e-82-32 82 32 1 2
e-83-32 83 32 1 2
e-85-32 85 32 1 2
e-89-32 89 32 1 2
e-0-33 0 33 1 0
e-2-33 2 33 1 0
e-3-33 3 33 1 0
e-4-33 4 33 1 0
e-6-33 6 33 0 1
e-7-33 7 33 0 1
e-10-33 10 33 0 1
e-40-33 40 33 0 1
e-42-33 42 33 0 1
e-48-33 48 33 0 1
e-53-33 53 33 0 1
e-59-33 59 33 0 1
e-78-33 78 33 0 1
e-82-33 82 33 1 2
e-83-33 83 33 1 2
e-85-33 85 33 1 2
e-89-33 89 33 1 2
e-0-34 0 34 1 0
e-2-34 2 34 1 0
e-3-34 3 34 1 0
e-4-34 4 34 1 0
e-6-34 6 34 0 1
e-7-34 7 34 0 1
e-10-34 10 34 0 1
e-34-34 34 34 0 1
e-44-34 44 34 0 1
e-48-34 48 34 0 1
e-52-34 52 34 0 1
e-72-34 72 34 0 1
e-78-34 78 34 0 1
e-82-34 82 34 1 2
e-83-34 83 34 1 2
e-85-34 85 34 1 2
e-89-34 89 34 1 2
e-0-35 0 35 1 0
e-2-35 2 35 1 0
e-3-35 3 35 1 0
e-4-35 4 35 1 0
e-6-35 6 35 0 1
e-7-35 7 35 0 1
e-10-35 10 35 0 1
e-26-35 26 35 0 1
e-44-35 44 35 0 1
e-48-35 48 35 0 1
e-50-35 50 35 0 1
e-64-35 64 35 0 1
e-78-35 78 35 0 1
e-82-35 82 35 1 2
e-83-35 83 35 1 2
e-85-35 85 35 1 2
e-89-35 89 35 1 2
e-0-36 0 36 1 0
e-2-36 2 36 1 0
e-3-36 3 36 1 0
e-4-36 4 36 1 0
e-6-36 6 36 0 1
e-7-36 7 36 0 1
e-10-36 10 36 0 1
e-14-36 14 36 0 1
e-45-36 45 36 0 1
e-48-36 48 36 0 1
e-53-36 53 36 0 1
e-65-36 65 36 0 1
e-78-36 78 36 0 1
e-82-36 82 36 1 2
e-83-36 83 36 1 2
e-84-36 84 36 1 2
e-85-36 85 36 1 2
e-89-36 89 36 1 2
e-0-37 0 37 1 0
e-2-37 2 37 1 0
e-3-37 3 37 1 0
e-4-37 4 37 1 0
e-6-37 6 37 0 1
e-7-37 7 37 0 1
e-10-37 10 37 0 1
e-16-37 16 37 0 1
e-44-37 44 37 0 1
e-48-37 48 37 0 1
e-52-37 52 37 0 1
e-58-37 58 37 0 1
e-78-37 78 37 0 1
e-82-37 82 37 1 2
e-83-37 83 37 1 2
e-85-37 85 37 1 2
e-89-37 89 37 1 2
e-0-38 0 38 1 0
e-2-38 2 38 1 0
e-3-38 3 38 1 0
e-4-38 4 38 1 0
e-6-38 6 38 0 1
e-7-38 7 38 0 1
e-10-38 10 38 0 1
e-31-38 31 38 0 1
e-44-38 44 38 0 1
e-48-38 48 38 0 1
e-50-38 50 38 0 1
e-69-38 69 38 0 1
e-78-38 78 38 0 1
e-82-38 82 38 1 2
e-83-38 83 38 1 2
e-85-38 85 38 1 2
e-89-38 89 38 1 2
e-0-39 0 39 1 0
e-2-39 2 39 1 0
e-3-39 3 39 1 0
e-4-39 4 39 1 0
e-6-39 6 39 0 1
e-7-39 7 39 0 1
e-10-39 10 39 0 1
e-17-39 17 39 0 1
e-45-39 45 39 0 1
e-49-39 49 39 0 1
e-51-39 51 39 0 1
e-75-39 75 39 0 1
e-77-39 77 39 0 1
e-82-39 82 39 1 2
e-83-39 83 39 1 2
e-85-39 85 39 1 2
e-89-39 89 39 1 2
e-0-40 0 40 1 0
e-2-40 2 40 1 0
e-3-40 3 40 1 0
e-4-40 4 40 1 0
e-6-40 6 40 0 1
e-7-40 7 40 0 1
e-10-40 10 40 0 1
e-34-40 34 40 0 1
e-44-40 44 40 0 1
e-48-40 48 40 0 1
e-52-40 52 40 0 1
e-72-40 72 40 0 1
e-78-40 78 40 0 1
e-82-40 82 40 1 2
e-83-40 83 40 1 2
e-85-40 85 40 1 2
e-89-40 89 40 1 2
e-0-41 0 41 1 0
e-2-41 2 41 1 0
e-3-41 3 41 1 0
e-4-41 4 41 1 0
e-6-41 6 41 0 1
e-7-41 7 41 0 1
e-10-41 10 41 0 1
e-32-41 32 41 0 1
e-44-41 44 41 0 1
e-48-41 48 41 0 1
e-52-41 52 41 0 1
e-58-41 58 41 0 1
e-78-41 78 41 0 1
e-82-41 82 41 1 2
e-83-41 83 41 1 2
e-85-41 85 41 1 2
e-89-41 89 41 1 2
e-0-42 0 42 1 0
e-2-42 2 42 1 0
e-3-42 3 42 1 0
e-4-42 4 42 1 0
e-6-42 6 42 0 1
e-7-42 7 42 0 1
e-10-42 10 42 0 1
e-11-42 11 42 0 1
e-45-42 45 42 0 1
e-48-42 48 42 0 1
e-52-42 52 42 0 1
e-54-42 54 42 0 1
e-78-42 78 42 0 1
e-82-42 82 42 1 2
e-83-42 83 42 1 2
e-85-42 85 42 1 2
e-89-42 89 42 1 2
e-0-43 0 43 1 0
e-2-43 2 43 1 0
e-3-43 3 43 1 0
e-4-43 4 43 1 0
e-6-43 6 43 0 1
e-7-43 7 43 0 1
e-10-43 10 43 0 1
e-29-43 29 43 0 1
e-44-43 44 43 0 1
e-48-43 48 43 0 1
e-53-43 53 43 0 1
e-68-43 68 43 0 1
e-78-43 78 43 0 1
e-82-43 82 43 1 2
e-83-43 83 43 1 2
e-85-43 85 43 1 2
e-89-43 89 43 1 2
e-0-44 0 44 1 0
e-2-44 2 44 1 0
e-3-44 3 44 1 0
e-4-44 4 44 1 0
e-6-44 6 44 0 1
e-7-44 7 44 0 1
e-10-44 10 44 0 1
e-26-44 26 44 0 1
e-44-44 44 44 0 1
e-48-44 48 44 0 1
e-50-44 50 44 0 1
e-64-44 64 44 0 1
e-78-44 78 44 0 1
e-82-44 82 44 1 2
e-83-44 83 44 1 2
e-85-44 85 44 1 2
e-89-44 89 44 1 2
e-0-45 0 45 1 0
e-2-45 2 45 1 0
e-3-45 3 45 1 0
e-4-45 4 45 1 0
e-6-45 6 45 0 1
e-7-45 7 45 0 1
e-10-45 10 45 0 1
e-31-45 31 45 0 1
e-44-45 44 45 0 1
e-48-45 48 45 0 1
e-50-45 50 45 0 1
e-69-45 69 45 0 1
e-78-45 78 45 0 1
e-82-45 82 45 1 2
e-83-45 83 45 1 2
e-85-45 85 45 1 2
e-89-45 89 45 1 2
e-0-46 0 46 1 0
e-2-46 2 46 1 0
e-3-46 3 46 1 0
e-4-46 4 46 1 0
e-6-46 6 46 0 1
e-7-46 7 46 0 1
e-10-46 10 46 0 1
e-21-46 21 46 0 1
e-42-46 42 46 0 1
e-48-46 48 46 0 1
e-50-46 50 46 0 1
e-69-46 69 46 0 1
e-78-46 78 46 0 1
e-82-46 82 46 1 2
e-83-46 83 46 1 2
e-85-46 85 46 1 2
e-89-46 89 46 1 2
e-0-47 0 47 1 0
e-2-47 2 47 1 0
e-3-47 3 47 1 0
e-4-47 4 47 1 0
e-6-47 6 47 0 1
e-7-47 7 47 0 1
e-10-47 10 47 0 1
e-19-47 19 47 0 1
e-42-47 42 47 0 1
e-48-47 48 47 0 1
e-52-47 52 47 0 1
e-73-47 73 47 0 1
e-77-47 77 47 0 1
e-82-47 82 47 1 2
e-83-47 83 47 1 2
e-85-47 85 47 1 2
e-89-47 89 47 1 2
e-0-48 0 48 1 0
e-2-48 2 48 1 0
e-3-48 3 48 1 0
e-4-48 4 48 1 0
e-6-48 6 48 0 1
e-7-48 7 48 0 1
e-10-48 10 48 0 1
e-17-48 17 48 0 1
e-44-48 44 48 0 1
e-48-48 48 48 0 1
e-50-48 50 48 0 1
e-66-48 66 48 0 1
e-78-48 78 48 0 1
e-82-48 82 48 1 2
e-83-48 83 48 1 2
e-85-48 85 48 1 2
e-89-48 89 48 1 2
e-0-49 0 49 1 0
e-2-49 2 49 1 0
e-3-49 3 49 1 0
e-4-49 4 49 1 0
e-6-49 6 49 0 1
e-7-49 7 49 0 1
e-10-49 10 49 0 1
e-17-49 17 49 0 1
e-42-49 42 49 0 1
e-47-49 47 49 0 1
e-52-49 52 49 0 1
e-62-49 62 49 0 1
e-78-49 78 49 0 1
e-82-49 82 49 1 2
e-83-49 83 49 1 2
e-85-49 85 49 1 2
e-89-49 89 49 1 2
e-0-50 0 50 1 0
e-2-50 2 50 1 0
e-3-50 3 50 1 0
e-4-50 4 50 1 0
e-6-50 6 50 0 1
e-7-50 7 50 0 1
e-10-50 10 50 0 1
e-26-50 26 50 0 1
e-44-50 44 50 0 1
e-48-50 48 50 0 1
e-50-50 50 50 0 1
e-63-50 63 50 0 1
e-78-50 78 50 0 1
e-82-50 82 50 1 2
e-83-50 83 50 1 2
e-85-50 85 50 1 2
e-89-50 89 50 1 2
e-0-51 0 51 1 0
e-2-51 2 51 1 0
e-3-51 3 51 1 0
e-4-51 4 51 1 0
e-6-51 6 51 0 1
e-7-51 7 51 0 1
e-10-51 10 51 0 1
e-28-51 28 51 0 1
e-42-51 42 51 0 1
e-48-51 48 51 0 1
e-52-51 52 51 0 1
e-64-51 64 51 0 1
e-78-51 78 51 0 1
e-82-51 82 51 1 2
e-83-51 83 51 1 2
e-85-51 85 51 1 2
e-89-51 89 51 1 2
e-0-52 0 52 1 0
e-2-52 2 52 1 0
e-3-52 3 52 1 0
e-4-52 4 52 1 0
e-6-52 6 52 0 1
e-7-52 7 52 0 1
e-10-52 10 52 0 1
e-40-52 40 52 0 1
e-42-52 42 52 0 1
e-48-52 48 52 0 1
e-50-52 50 52 0 1
e-73-52 73 52 0 1
e-78-52 78 52 0 1
e-82-52 82 52 1 2
e-83-52 83 52 1 2
e-85-52 85 52 1 2
e-89-52 89 52 1 2
e-0-53 0 53 1 0
e-2-53 2 53 1 0
e-3-53 3 53 1 0
e-4-53 4 53 1 0
e-6-53 6 53 0 1
e-7-53 7 53 0 1
e-10-53 10 53 0 1
e-17-53 17 53 0 1
e-45-53 45 53 0 1
e-47-53 47 53 0 1
e-50-53 50 53 0 1
e-75-53 75 53 0 1
e-77-53 77 53 0 1
e-82-53 82 53 1 2
e-83-53 83 53 1 2
e-85-53 85 53 1 2
e-89-53 89 53 1 2
e-0-54 0 54 1 0
e-2-54 2 54 1 0
e-3-54 3 54 1 0
e-4-54 4 54 1 0
e-6-54 6 54 0 1
e-7-54 7 54 0 1
e-10-54 10 54 0 1
e-40-54 40 54 0 1
e-42-54 42 54 0 1
e-48-54 48 54 0 1
e-53-54 53 54 0 1
e-76-54 76 54 0 1
e-78-54 78 54 0 1
e-82-54 82 54 1 2
e-83-54 83 54 1 2
e-85-54 85 54 1 2
e-89-54 89 54 1 2
e-0-55 0 55 1 0
e-2-55 2 55 1 0
e-3-55 3 55 1 0
e-4-55 4 55 1 0
e-6-55 6 55 0 1
e-7-55 7 55 0 1
e-10-55 10 55 0 1
e-34-55 34 55 0 1
e-44-55 44 55 0 1
e-48-55 48 55 0 1
e-52-55 52 55 0 1
e-72-55 72 55 0 1
e-78-55 78 55 0 1
e-82-55 82 55 1 2
e-83-55 83 55 1 2
e-85-55 85 55 1 2
e-89-55 89 55 1 2
e-0-56 0 56 1 0
e-2-56 2 56 1 0
e-3-56 3 56 1 0
e-4-56 4 56 1 0
e-6-56 6 56 0 1
e-7-56 7 56 0 1
e-10-56 10 56 0 1
e-19-56 19 56 0 1
e-42-56 42 56 0 1
e-48-56 48 56 0 1
e-52-56 52 56 0 1
e-73-56 73 56 0 1
e-77-56 77 56 0 1
e-82-56 82 56 1 2
e-83-56 83 56 1 2
e-85-56 85 56 1 2
e-89-56 89 56 1 2
e-0-57 0 57 1 0
e-2-57 2 57 1 0
e-3-57 3 57 1 0
e-4-57 4 57 1 0
e-6-57 6 57 0 1
e-7-57 7 57 0 1
e-10-57 10 57 0 1
e-40-57 40 57 0 1
e-42-57 42 57 0 1
e-48-57 48 57 0 1
e-53-57 53 57 0 1
e-76-57 76 57 0 1
e-78-57 78 57 0 1
e-82-57 82 57 1 2
e-83-57 83 57 1 2
e-85-57 85 57 1 2
e-89-57 89 57 1 2
e-0-58 0 58 1 0
e-2-58 2 58 1 0
e-3-58 3 58 1 0
e-4-58 4 58 1 0
e-6-58 6 58 0 1
e-7-58 7 58 0 1
e-10-58 10 58 0 1
e-23-58 23 58 0 1
e-44-58 44 58 0 1
e-48-58 48 58 0 1
e-50-58 50 58 0 1
e-54-58 54 58 0 1
e-79-58 79 58 0 1
e-82-58 82 58 1 2
e-83-58 83 58 1 2
e-85-58 85 58 1 2
e-89-58 89 58 1 2
e-0-59 0 59 1 0
e-2-59 2 59 1 0
e-3-59 3 59 1 0
e-4-59 4 59 1 0
e-6-59 6 59 0 1
e-7-59 7 59 0 1
e-10-59 10 59 0 1
e-29-59 29 59 0 1
e-44-59 44 59 0 1
e-48-59 48 59 0 1
e-53-59 53 59 0 1
e-70-59 70 59 0 1
e-78-59 78 59 0 1
e-82-59 82 59 1 2
e-83-59 83 59 1 2
e-85-59 85 59 1 2
e-89-59 89 59 1 2
e-0-60 0 60 1 0
e-2-60 2 60 1 0
e-3-60 3 60 1 0
e-4-60 4 60 1 0
e-6-60 6 60 0 1
e-7-60 7 60 0 1
e-10-60 10 60 0 1
e-17-60 17 60 0 1
e-45-60 45 60 0 1
e-47-60 47 60 0 1
e-50-60 50 60 0 1
e-75-60 75 60 0 1
e-77-60 77 60 0 1
e-82-60 82 60 1 2
e-83-60 83 60 1 2
e-85-60 85 60 1 2
e-89-60 89 60 1 2
e-0-61 0 61 1 0
e-2-61 2 61 1 0
e-3-61 3 61 1 0
e-4-61 4 61 1 0
e-6-61 6 61 0 1
e-7-61 7 61 0 1
e-10-61 10 61 0 1
e-17-61 17 61 0 1
e-42-61 42 61 0 1
e-48-61 48 61 0 1
e-52-61 52 61 0 1
e-73-61 73 61 0 1
e-78-61 78 61 0 1
e-82-61 82 61 1 2
e-83-61 83 61 1 2
e-85-61 85 61 1 2
e-89-61 89 61 1 2
e-0-62 0 62 1 0
e-2-62 2 62 1 0
e-3-62 3 62 1 0
e-4-62 4 62 1 0
e-6-62 6 62 0 1
e-7-62 7 62 0 1
e-10-62 10 62 0 1
e-14-62 14 62 0 1
e-45-62 45 62 0 1
e-48-62 48 62 0 1
e-53-62 53 62 0 1
e-65-62 65 62 0 1
e-78-62 78 62 0 1
e-82-62 82 62 1 2
e-83-62 83 62 1 2
e-85-62 85 62 1 2
e-89-62 89 62 1 2
e-0-63 0 63 1 0
e-2-63 2 63 1 0
e-3-63 3 63 1 0
e-4-63 4 63 1 0
e-6-63 6 63 0 1
e-7-63 7 63 0 1
e-10-63 10 63 0 1
e-13-63 13 63 0 1
e-44-63 44 63 0 1
e-48-63 48 63 0 1
e-52-63 52 63 0 1
e-73-63 73 63 0 1
e-78-63 78 63 0 1
e-82-63 82 63 1 2
e-83-63 83 63 1 2
e-85-63 85 63 1 2
e-89-63 89 63 1 2
e-0-64 0 64 1 0
e-2-64 2 64 1 0
e-3-64 3 64 1 0
e-4-64 4 64 1 0
e-6-64 6 64 0 1
e-7-64 7 64 0 1
e-10-64 10 64 0 1
e-40-64 40 64 0 1
e-42-64 42 64 0 1
e-49-64 49 64 0 1
e-51-64 51 64 0 1
e-72-64 72 64 0 1
e-77-64 77 64 0 1
e-82-64 82 64 1 2
e-83-64 83 64 1 2
e-84-64 84 64 1 2
e-85-64 85 64 1 2
e-89-64 89 64 1 2
e-0-65 0 65 1 0
e-2-65 2 65 1 0
e-3-65 3 65 1 0
e-4-65 4 65 1 0
e-6-65 6 65 0 1
e-7-65 7 65 0 1
e-10-65 10 65 0 1
e-39-65 39 65 0 1
e-44-65 44 65 0 1
e-48-65 48 65 0 1
e-53-65 53 65 0 1
e-65-65 65 65 0 1
e-78-65 78 65 0 1
e-82-65 82 65 1 2
e-83-65 83 65 1 2
e-85-65 85 65 1 2
e-89-65 89 65 1 2
e-0-66 0 66 1 0
e-2-66 2 66 1 0
e-3-66 3 66 1 0
e-4-66 4 66 1 0
e-6-66 6 66 0 1
e-7-66 7 66 0 1
e-10-66 10 66 0 1
e-22-66 22 66 0 1
e-45-66 45 66 0 1
e-48-66 48 66 0 1
e-50-66 50 66 0 1
e-65-66 65 66 0 1
e-78-66 78 66 0 1
e-82-66 82 66 1 2
e-83-66 83 66 1 2
e-85-66 85 66 1 2
e-89-66 89 66 1 2
e-0-67 0 67 1 0
e-2-67 2 67 1 0
e-3-67 3 67 1 0
e-4-67 4 67 1 0
e-6-67 6 67 0 1
e-7-67 7 67 0 1
e-10-67 10 67 0 1
e-39-67 39 67 0 1
e-44-67 44 67 0 1
e-48-67 48 67 0 1
e-53-67 53 67 0 1
e-68-67 68 67 0 1
e-78-67 78 67 0 1
e-82-67 82 67 1 2
e-83-67 83 67 1 2
e-85-67 85 67 1 2
e-89-67 89 67 1 2
e-0-68 0 68 1 0
e-2-68 2 68 1 0
e-3-68 3 68 1 0
e-4-68 4 68 1 0
e-6-68 6 68 0 1
e-7-68 7 68 0 1
e-10-68 10 68 0 1
e-27-68 27 68 0 1
e-44-68 44 68 0 1
e-48-68 48 68 0 1
e-50-68 50 68 0 1
e-74-68 74 68 0 1
e-78-68 78 68 0 1
e-82-68 82 68 1 2
e-83-68 83 68 1 2
e-85-68 85 68 1 2
e-89-68 89 68 1 2
e-0-69 0 69 1 0
e-2-69 2 69 1 0
e-3-69 3 69 1 0
e-4-69 4 69 1 0
e-6-69 6 69 0 1
e-7-69 7 69 0 1
e-10-69 10 69 0 1
e-20-69 20 69 0 1
e-44-69 44 69 0 1
e-48-69 48 69 0 1
e-52-69 52 69 0 1
e-76-69 76 69 0 1
e-78-69 78 69 0 1
e-82-69 82 69 1 2
e-83-69 83 69 1 2
e-85-69 85 69 1 2
e-89-69 89 69 1 2
e-0-70 0 70 1 0
e-2-70 2 70 1 0
e-3-70 3 70 1 0
e-4-70 4 70 1 0
e-6-70 6 70 0 1
e-7-70 7 70 0 1
e-10-70 10 70 0 1
e-24-70 24 70 0 1
e-42-70 42 70 0 1
e-48-70 48 70 0 1
e-52-70 52 70 0 1
e-70-70 70 70 0 1
e-78-70 78 70 0 1
e-82-70 82 70 1 2
e-83-70 83 70 1 2
e-85-70 85 70 1 2
e-89-70 89 70 1 2
e-0-71 0 71 1 0
e-2-71 2 71 1 0
e-3-71 3 71 1 0
e-4-71 4 71 1 0
e-6-71 6 71 0 1
e-7-71 7 71 0 1
e-10-71 10 71 0 1
e-17-71 17 71 0 1
e-44-71 44 71 0 1
e-48-71 48 71 0 1
e-53-71 53 71 0 1
e-71-71 71 71 0 1
e-78-71 78 71 0 1
e-82-71 82 71 1 2
e-83-71 83 71 1 2
e-85-71 85 71 1 2
e-89-71 89 71 1 2
e-0-72 0 72 1 0
e-2-72 2 72 1 0
e-3-72 3 72 1 0
e-4-72 4 72 1 0
e-6-72 6 72 0 1
e-7-72 7 72 0 1
e-10-72 10 72 0 1
e-39-72 39 72 0 1
e-44-72 44 72 0 1
e-48-72 48 72 0 1
e-53-72 53 72 0 1
e-66-72 66 72 0 1
e-78-72 78 72 0 1
e-82-72 82 72 1 2
e-83-72 83 72 1 2
e-85-72 85 72 1 2
e-89-72 89 72 1 2
e-0-73 0 73 1 0
e-2-73 2 73 1 0
e-3-73 3 73 1 0
e-4-73 4 73 1 0
e-6-73 6 73 0 1
e-7-73 7 73 0 1
e-10-73 10 73 0 1
e-40-73 40 73 0 1
e-42-73 42 73 0 1
e-49-73 49 73 0 1
e-50-73 50 73 0 1
e-70-73 70 73 0 1
e-78-73 78 73 0 1
e-82-73 82 73 1 2
e-83-73 83 73 1 2
e-85-73 85 73 1 2
e-89-73 89 73 1 2
e-0-74 0 74 1 0
e-2-74 2 74 1 0
e-3-74 3 74 1 0
e-4-74 4 74 1 0
e-6-74 6 74 0 1
e-7-74 7 74 0 1
e-10-74 10 74 0 1
e-24-74 24 74 0 1
e-42-74 42 74 0 1
e-48-74 48 74 0 1
e-52-74 52 74 0 1
e-70-74 70 74 0 1
e-78-74 78 74 0 1
e-82-74 82 74 1 2
e-83-74 83 74 1 2
e-84-74 84 74 1 2
e-85-74 85 74 1 2
e-89-74 89 74 1 2
e-0-75 0 75 1 0
e-2-75 2 75 1 0
e-3-75 3 75 1 0
e-4-75 4 75 1 0
e-6-75 6 75 0 1
e-7-75 7 75 0 1
e-10-75 10 75 0 1
e-35-75 35 75 0 1
e-42-75 42 75 0 1
e-48-75 48 75 0 1
e-53-75 53 75 0 1
e-66-75 66 75 0 1
e-78-75 78 75 0 1
e-82-75 82 75 1 2
e-83-75 83 75 1 2
e-85-75 85 75 1 2
e-89-75 89 75 1 2
e-0-76 0 76 1 0
e-2-76 2 76 1 0
e-3-76 3 76 1 0
e-4-76 4 76 1 0
e-6-76 6 76 0 1
e-7-76 7 76 0 1
e-10-76 10 76 0 1
e-36-76 36 76 0 1
e-44-76 44 76 0 1
e-48-76 48 76 0 1
e-52-76 52 76 0 1
e-76-76 76 76 0 1
e-78-76 78 76 0 1
e-82-76 82 76 1 2
e-83-76 83 76 1 2
e-85-76 85 76 1 2
e-89-76 89 76 1 2
e-0-77 0 77 1 0
e-2-77 2 77 1 0
e-3-77 3 77 1 0
e-4-77 4 77 1 0
e-6-77 6 77 0 1
e-7-77 7 77 0 1
e-10-77 10 77 0 1
e-17-77 17 77 0 1
e-44-77 44 77 0 1
e-48-77 48 77 0 1
e-53-77 53 77 0 1
e-72-77 72 77 0 1
e-78-77 78 77 0 1
e-82-77 82 77 1 2
e-83-77 83 77 1 2
e-85-77 85 77 1 2
e-89-77 89 77 1 2
e-0-78 0 78 1 0
e-2-78 2 78 1 0
e-3-78 3 78 1 0
e-4-78 4 78 1 0
e-6-78 6 78 0 1
e-7-78 7 78 0 1
e-10-78 10 78 0 1
e-17-78 17 78 0 1
e-44-78 44 78 0 1
e-48-78 48 78 0 1
e-50-78 50 78 0 1
e-66-78 66 78 0 1
e-78-78 78 78 0 1
e-82-78 82 78 1 2
e-83-78 83 78 1 2
e-85-78 85 78 1 2
e-89-78 89 78 1 2
e-0-79 0 79 1 0
e-2-79 2 79 1 0
e-3-79 3 79 1 0
e-4-79 4 79 1 0
e-6-79 6 79 0 1
e-7-79 7 79 0 1
e-10-79 10 79 0 1
e-19-79 19 79 0 1
e-45-79 45 79 0 1
e-49-79 49 79 0 1
e-52-79 52 79 0 1
e-69-79 69 79 0 1
e-78-79 78 79 0 1
e-82-79 82 79 1 2
e-83-79 83 79 1 2
e-85-79 85 79 1 2
e-89-79 89 79 1 2
e-0-80 0 80 1 0
e-2-80 2 80 1 0
e-3-80 3 80 1 0
e-4-80 4 80 1 0
e-6-80 6 80 0 1
e-7-80 7 80 0 1
e-10-80 10 80 0 1
e-23-80 23 80 0 1
e-44-80 44 80 0 1
e-48-80 48 80 0 1
e-50-80 50 80 0 1
e-54-80 54 80 0 1
e-79-80 79 80 0 1
e-82-80 82 80 1 2
e-83-80 83 80 1 2
e-85-80 85 80 1 2
e-89-80 89 80 1 2
e-0-81 0 81 1 0
e-2-81 2 81 1 0
e-3-81 3 81 1 0
e-4-81 4 81 1 0
e-6-81 6 81 0 1
e-7-81 7 81 0 1
e-10-81 10 81 0 1
e-40-81 40 81 0 1
e-42-81 42 81 0 1
e-48-81 48 81 0 1
e-53-81 53 81 0 1
e-70-81 70 81 0 1
e-78-81 78 81 0 1
e-82-81 82 81 1 2
e-83-81 83 81 1 2
e-84-81 84 81 1 2
e-85-81 85 81 1 2
e-89-81 89 81 1 2
e-0-82 0 82 1 0
e-2-82 2 82 1 0
e-3-82 3 82 1 0
e-4-82 4 82 1 0
e-6-82 6 82 0 1
e-7-82 7 82 0 1
e-10-82 10 82 0 1
e-17-82 17 82 0 1
e-42-82 42 82 0 1
e-47-82 47 82 0 1
e-52-82 52 82 0 1
e-62-82 62 82 0 1
e-78-82 78 82 0 1
e-82-82 82 82 1 2
e-83-82 83 82 1 2
e-85-82 85 82 1 2
e-89-82 89 82 1 2
e-0-83 0 83 1 0
e-2-83 2 83 1 0
e-3-83 3 83 1 0
e-4-83 4 83 1 0
e-6-83 6 83 0 1
e-7-83 7 83 0 1
e-10-83 10 83 0 1
e-35-83 35 83 0 1
e-42-83 42 83 0 1
e-48-83 48 83 0 1
e-53-83 53 83 0 1
e-67-83 67 83 0 1
e-78-83 78 83 0 1
e-82-83 82 83 1 2
e-83-83 83 83 1 2
e-85-83 85 83 1 2
e-89-83 89 83 1 2
e-0-84 0 84 1 0
e-2-84 2 84 1 0
e-3-84 3 84 1 0
e-4-84 4 84 1 0
e-6-84 6 84 0 1
e-7-84 7 84 0 1
e-10-84 10 84 0 1
e-40-84 40 84 0 1
e-43-84 43 84 0 1
e-48-84 48 84 0 1
e-53-84 53 84 0 1
e-61-84 61 84 0 1
e-78-84 78 84 0 1
e-82-84 82 84 1 2
e-83-84 83 84 1 2
e-85-84 85 84 1 2
e-89-84 89 84 1 2
e-0-85 0 85 1 0
e-2-85 2 85 1 0
e-3-85 3 85 1 0
e-4-85 4 85 1 0
e-6-85 6 85 0 1
e-7-85 7 85 0 1
e-10-85 10 85 0 1
e-19-85 19 85 0 1
e-42-85 42 85 0 1
e-48-85 48 85 0 1
e-52-85 52 85 0 1
e-73-85 73 85 0 1
e-77-85 77 85 0 1
e-82-85 82 85 1 2
e-83-85 83 85 1 2
e-84-85 84 85 1 2
e-85-85 85 85 1 2
e-89-85 89 85 1 2
e-0-86 0 86 1 0
e-2-86 2 86 1 0
e-3-86 3 86 1 0
e-4-86 4 86 1 0
e-6-86 6 86 0 1
e-7-86 7 86 0 1
e-10-86 10 86 0 1
e-28-86 28 86 0 1
e-42-86 42 86 0 1
e-48-86 48 86 0 1
e-52-86 52 86 0 1
e-63-86 63 86 0 1
e-78-86 78 86 0 1
e-82-86 82 86 1 2
e-83-86 83 86 1 2
e-85-86 85 86 1 2
e-89-86 89 86 1 2
e-0-87 0 87 1 0
e-2-87 2 87 1 0
e-3-87 3 87 1 0
e-4-87 4 87 1 0
e-6-87 6 87 0 1
e-7-87 7 87 0 1
e-10-87 10 87 0 1
e-40-87 40 87 0 1
e-42-87 42 87 0 1
e-48-87 48 87 0 1
e-50-87 50 87 0 1
e-73-87 73 87 0 1
e-78-87 78 87 0 1
e-82-87 82 87 1 2
e-83-87 83 87 1 2
e-85-87 85 87 1 2
e-89-87 89 87 1 2
e-0-88 0 88 1 0
e-2-88 2 88 1 0
e-3-88 3 88 1 0
e-4-88 4 88 1 0
e-6-88 6 88 0 1
e-7-88 7 88 0 1
e-10-88 10 88 0 1
e-16-88 16 88 0 1
e-45-88 45 88 0 1
e-48-88 48 88 0 1
e-52-88 52 88 0 1
e-63-88 63 88 0 1
e-78-88 78 88 0 1
e-82-88 82 88 1 2
e-83-88 83 88 1 2
e-85-88 85 88 1 2
e-89-88 89 88 1 2
e-0-89 0 89 1 0
e-2-89 2 89 1 0
e-3-89 3 89 1 0
e-4-89 4 89 1 0
e-6-89 6 89 0 1
e-7-89 7 89 0 1
e-10-89 10 89 0 1
e-40-89 40 89 0 1
e-42-89 42 89 0 1
e-48-89 48 89 0 1
e-52-89 52 89 0 1
e-56-89 56 89 0 1
e-78-89 78 89 0 1
e-82-89 82 89 1 2
e-83-89 83 89 1 2
e-85-89 85 89 1 2
e-89-89 89 89 1 2
e-0-90 0 90 1 0
e-2-90 2 90 1 0
e-3-90 3 90 1 0
e-4-90 4 90 1 0
e-6-90 6 90 0 1
e-7-90 7 90 0 1
e-10-90 10 90 0 1
e-18-90 18 90 0 1
e-44-90 44 90 0 1
e-48-90 48 90 0 1
e-52-90 52 90 0 1
e-76-90 76 90 0 1
e-77-90 77 90 0 1
e-82-90 82 90 1 2
e-83-90 83 90 1 2
e-85-90 85 90 1 2
e-89-90 89 90 1 2
e-0-91 0 91 1 0
e-2-91 2 91 1 0
e-3-91 3 91 1 0
e-4-91 4 91 1 0
e-6-91 6 91 0 1
e-7-91 7 91 0 1
e-10-91 10 91 0 1
e-17-91 17 91 0 1
e-45-91 45 91 0 1
e-48-91 48 91 0 1
e-53-91 53 91 0 1
e-69-91 69 91 0 1
e-78-91 78 91 0 1
e-82-91 82 91 1 2
e-83-91 83 91 1 2
e-85-91 85 91 1 2
e-89-91 89 91 1 2
e-0-92 0 92 1 0
e-2-92 2 92 1 0
e-3-92 3 92 1 0
e-4-92 4 92 1 0
e-6-92 6 92 0 1
e-7-92 7 92 0 1
e-10-92 10 92 0 1
e-40-92 40 92 0 1
e-42-92 42 92 0 1
e-48-92 48 92 0 1
e-52-92 52 92 0 1
e-64-92 64 92 0 1
e-78-92 78 92 0 1
e-82-92 82 92 1 2
e-83-92 83 92 1 2
e-85-92 85 92 1 2
e-89-92 89 92 1 2
e-0-93 0 93 1 0
e-2-93 2 93 1 0
e-3-93 3 93 1 0
e-4-93 4 93 1 0
e-6-93 6 93 0 1
e-7-93 7 93 0 1
e-10-93 10 93 0 1
e-40-93 40 93 0 1
e-42-93 42 93 0 1
e-48-93 48 93 0 1
e-53-93 53 93 0 1
e-65-93 65 93 0 1
e-78-93 78 93 0 1
e-82-93 82 93 1 2
e-83-93 83 93 1 2
e-84-93 84 93 1 2
e-85-93 85 93 1 2
e-89-93 89 93 1 2
e-0-94 0 94 1 0
e-2-94 2 94 1 0
e-3-94 3 94 1 0
e-4-94 4 94 1 0
e-6-94 6 94 0 1
e-7-94 7 94 0 1
e-10-94 10 94 0 1
e-16-94 16 94 0 1
e-44-94 44 94 0 1
e-48-94 48 94 0 1
e-52-94 52 94 0 1
e-57-94 57 94 0 1
e-78-94 78 94 0 1
e-82-94 82 94 1 2
e-83-94 83 94 1 2
e-85-94 85 94 1 2
e-89-94 89 94 1 2
e-0-95 0 95 1 0
e-2-95 2 95 1 0
e-3-95 3 95 1 0
e-4-95 4 95 1 0
e-6-95 6 95 0 1
e-7-95 7 95 0 1
e-10-95 10 95 0 1
e-40-95 40 95 0 1
e-41-95 41 95 0 1
e-49-95 49 95 0 1
e-52-95 52 95 0 1
e-73-95 73 95 0 1
e-78-95 78 95 0 1
e-82-95 82 95 1 2
e-83-95 83 95 1 2
e-85-95 85 95 1 2
e-89-95 89 95 1 2
e-0-96 0 96 1 0
e-2-96 2 96 1 0
e-3-96 3 96 1 0
e-4-96 4 96 1 0
e-6-96 6 96 0 1
e-7-96 7 96 0 1
e-10-96 10 96 0 1
e-40-96 40 96 0 1
e-42-96 42 96 0 1
e-48-96 48 96 0 1
e-50-96 50 96 0 1
e-58-96 58 96 0 1
e-78-96 78 96 0 1
e-82-96 82 96 1 2
e-83-96 83 96 1 2
e-85-96 85 96 1 2
e-89-96 89 96 1 2
e-0-97 0 97 1 0
e-2-97 2 97 1 0
e-3-97 3 97 1 0
e-4-97 4 97 1 0
e-6-97 6 97 0 1
e-7-97 7 97 0 1
e-10-97 10 97 0 1
e-18-97 18 97 0 1
e-44-97 44 97 0 1
e-48-97 48 97 0 1
e-52-97 52 97 0 1
e-76-97 76 97 0 1
e-77-97 77 97 0 1
e-82-97 82 97 1 2
e-83-97 83 97 1 2
e-85-97 85 97 1 2
e-89-97 89 97 1 2
e-0-98 0 98 1 0
e-2-98 2 98 1 0
e-3-98 3 98 1 0
e-4-98 4 98 1 0
e-6-98 6 98 0 1
e-7-98 7 98 0 1
e-10-98 10 98 0 1
e-21-98 21 98 0 1
e-42-98 42 98 0 1
e-48-98 48 98 0 1
e-50-98 50 98 0 1
e-69-98 69 98 0 1
e-78-98 78 98 0 1
e-82-98 82 98 1 2
e-83-98 83 98 1 2
e-85-98 85 98 1 2
e-89-98 89 98 1 2
e-0-99 0 99 1 0
e-2-99 2 99 1 0
e-3-99 3 99 1 0
e-4-99 4 99 1 0
e-6-99 6 99 0 1
e-7-99 7 99 0 1
e-10-99 10 99 0 1
e-38-99 38 99 0 1
e-45-99 45 99 0 1
e-48-99 48 99 0 1
e-53-99 53 99 0 1
e-57-99 57 99 0 1
e-79-99 79 99 0 1
e-82-99 82 99 1 2
e-83-99 83 99 1 2
e-85-99 85 99 1 2
e-89-99 89 99 1 2
e-0-100 0 100 1 0
e-2-100 2 100 1 0
e-3-100 3 100 1 0
e-4-100 4 100 1 0
e-6-100 6 100 0 1
e-7-100 7 100 0 1
e-10-100 10 100 0 1
e-17-100 17 100 0 1
e-42-100 42 100 0 1
e-48-100 48 100 0 1
e-52-100 52 100 0 1
e-74-100 74 100 0 1
e-77-100 77 100 0 1
e-82-100 82 100 1 2
e-83-100 83 100 1 2
e-85-100 85 100 1 2
e-89-100 89 100 1 2
e-0-101 0 101 1 0
e-2-101 2 101 1 0
e-3-101 3 101 1 0
e-4-101 4 101 1 0
e-6-101 6 101 0 1
e-7-101 7 101 0 1
e-10-101 10 101 0 1
e-40-101 40 101 0 1
e-42-101 42 101 0 1
e-48-101 48 101 0 1
e-50-101 50 101 0 1
e-66-101 66 101 0 1
e-78-101 78 101 0 1
e-82-101 82 101 1 2
e-83-101 83 101 1 2
e-85-101 85 101 1 2
e-89-101 89 101 1 2
e-0-102 0 102 1 0
e-2-102 2 102 1 0
e-3-102 3 102 1 0
e-4-102 4 102 1 0
e-6-102 6 102 0 1
e-7-102 7 102 0 1
e-10-102 10 102 0 1
e-35-102 35 102 0 1
e-42-102 42 102 0 1
e-48-102 48 102 0 1
e-53-102 53 102 0 1
e-67-102 67 102 0 1
e-78-102 78 102 0 1
e-82-102 82 102 1 2
e-83-102 83 102 1 2
e-85-102 85 102 1 2
e-89-102 89 102 1 2
e-0-103 0 103 1 0
e-2-103 2 103 1 0
e-3-103 3 103 1 0
e-4-103 4 103 1 0
e-6-103 6 103 0 1
e-7-103 7 103 0 1
e-10-103 10 103 0 1
e-36-103 36 103 0 1
e-44-103 44 103 0 1
e-48-103 48 103 0 1
e-53-103 53 103 0 1
e-63-103 63 103 0 1
e-78-103 78 103 0 1
e-82-103 82 103 1 2
e-83-103 83 103 1 2
e-85-103 85 103 1 2
e-89-103 89 103 1 2
e-0-104 0 104 1 0
e-2-104 2 104 1 0
e-3-104 3 104 1 0
e-4-104 4 104 1 0
e-6-104 6 104 0 1
e-7-104 7 104 0 1
e-10-104 10 104 0 1
e-34-104 34 104 0 1
e-44-104 44 104 0 1
e-48-104 48 104 0 1
e-52-104 52 104 0 1
e-72-104 72 104 0 1
e-78-104 78 104 0 1
e-82-104 82 104 1 2
e-83-104 83 104 1 2
e-85-104 85 104 1 2
e-89-104 89 104 1 2
e-0-105 0 105 1 0
e-2-105 2 105 1 0
e-3-105 3 105 1 0
e-4-105 4 105 1 0
e-6-105 6 105 0 1
e-7-105 7 105 0 1
e-10-105 10 105 0 1
e-17-105 17 105 0 1
e-42-105 42 105 0 1
e-47-105 47 105 0 1
e-52-105 52 105 0 1
e-65-105 65 105 0 1
e-78-105 78 105 0 1
e-82-105 82 105 1 2
e-83-105 83 105 1 2
e-85-105 85 105 1 2
e-89-105 89 105 1 2
e-0-106 0 106 1 0
e-2-106 2 106 1 0
e-3-106 3 106 1 0
e-4-106 4 106 1 0
e-6-106 6 106 0 1
e-7-106 7 106 0 1
e-10-106 10 106 0 1
e-40-106 40 106 0 1
e-42-106 42 106 0 1
e-48-106 48 106 0 1
e-53-106 53 106 0 1
e-76-106 76 106 0 1
e-78-106 78 106 0 1
e-83-106 83 106 1 2
e-85-106 85 106 1 2
e-89-106 89 106 1 2
e-0-107 0 107 1 0
e-2-107 2 107 1 0
e-3-107 3 107 1 0
e-4-107 4 107 1 0
e-6-107 6 107 0 1
e-7-107 7 107 0 1
e-10-107 10 107 0 1
e-40-107 40 107 0 1
e-42-107 42 107 0 1
e-48-107 48 107 0 1
e-50-107 50 107 0 1
e-73-107 73 107 0 1
e-78-107 78 107 0 1
e-82-107 82 107 1 2
e-83-107 83 107 1 2
e-84-107 84 107 1 2
e-85-107 85 107 1 2
e-89-107 89 107 1 2
e-0-108 0 108 1 0
e-2-108 2 108 1 0
e-3-108 3 108 1 0
e-4-108 4 108 1 0
e-6-108 6 108 0 1
e-7-108 7 108 0 1
e-10-108 10 108 0 1
e-30-108 30 108 0 1
e-44-108 44 108 0 1
e-47-108 47 108 0 1
e-52-108 52 108 0 1
e-74-108 74 108 0 1
e-78-108 78 108 0 1
e-82-108 82 108 1 2
e-83-108 83 108 1 2
e-85-108 85 108 1 2
e-89-108 89 108 1 2
e-0-109 0 109 1 0
e-1-109 1 109 1 0
e-2-109 2 109 1 0
e-3-109 3 109 1 0
e-4-109 4 109 1 0
e-5-109 5 109 0 1
e-8-109 8 109 0 1
e-9-109 9 109 0 1
e-27-109 27 109 0 1
e-46-109 46 109 0 1
e-48-109 48 109 0 1
e-50-109 50 109 0 1
e-69-109 69 109 0 1
e-78-109 78 109 0 1
e-80-109 80 109 0 1
e-81-109 81 109 0 1
e-86-109 86 109 1 2
e-87-109 87 109 1 2
e-88-109 88 109 1 2
e-89-109 89 109 1 2
e-0-110 0 110 1 0
e-2-110 2 110 1 0
e-3-110 3 110 1 0
e-4-110 4 110 1 0
e-6-110 6 110 0 1
e-7-110 7 110 0 1
e-10-110 10 110 0 1
e-31-110 31 110 0 1
e-44-110 44 110 0 1
e-48-110 48 110 0 1
e-50-110 50 110 0 1
e-69-110 69 110 0 1
e-78-110 78 110 0 1
e-82-110 82 110 1 2
e-83-110 83 110 1 2
e-85-110 85 110 1 2
e-89-110 89 110 1 2
e-0-111 0 111 1 0
e-2-111 2 111 1 0
e-3-111 3 111 1 0
e-4-111 4 111 1 0
e-6-111 6 111 0 1
e-7-111 7 111 0 1
e-10-111 10 111 0 1
e-40-111 40 111 0 1
e-41-111 41 111 0 1
e-49-111 49 111 0 1
e-52-111 52 111 0 1
e-73-111 73 111 0 1
e-77-111 77 111 0 1
e-82-111 82 111 1 2
e-83-111 83 111 1 2
e-85-111 85 111 1 2
e-89-111 89 111 1 2
e-0-112 0 112 1 0
e-2-112 2 112 1 0
e-3-112 3 112 1 0
e-4-112 4 112 1 0
e-6-112 6 112 0 1
e-7-112 7 112 0 1
e-10-112 10 112 0 1
e-40-112 40 112 0 1
e-42-112 42 112 0 1
e-48-112 48 112 0 1
e-52-112 52 112 0 1
e-74-112 74 112 0 1
e-77-112 77 112 0 1
e-82-112 82 112 1 2
e-83-112 83 112 1 2
e-85-112 85 112 1 2
e-89-112 89 112 1 2
e-0-113 0 113 1 0
e-2-113 2 113 1 0
e-3-113 3 113 1 0
e-4-113 4 113 1 0
e-6-113 6 113 0 1
e-7-113 7 113 0 1
e-10-113 10 113 0 1
e-17-113 17 113 0 1
e-44-113 44 113 0 1
e-48-113 48 113 0 1
e-52-113 52 113 0 1
e-69-113 69 113 0 1
e-78-113 78 113 0 1
e-82-113 82 113 1 2
e-83-113 83 113 1 2
e-85-113 85 113 1 2
e-89-113 89 113 1 2
e-0-114 0 114 1 0
e-2-114 2 114 1 0
e-3-114 3 114 1 0
e-4-114 4 114 1 0
e-6-114 6 114 0 1
e-7-114 7 114 0 1
e-10-114 10 114 0 1
e-17-114 17 114 0 1
e-44-114 44 114 0 1
e-48-114 48 114 0 1
e-52-114 52 114 0 1
e-69-114 69 114 0 1
e-78-114 78 114 0 1
e-82-114 82 114 1 2
e-83-114 83 114 1 2
e-85-114 85 114 1 2
e-89-114 89 114 1 2
e-0-115 0 115 1 0
e-2-115 2 115 1 0
e-3-115 3 115 1 0
e-4-115 4 115 1 0
e-6-115 6 115 0 1
e-7-115 7 115 0 1
e-10-115 10 115 0 1
e-20-115 20 115 0 1
e-44-115 44 115 0 1
e-48-115 48 115 0 1
e-52-115 52 115 0 1
e-76-115 76 115 0 1
e-78-115 78 115 0 1
e-82-115 82 115 1 2
e-83-115 83 115 1 2
e-84-115 84 115 1 2
e-85-115 85 115 1 2
e-89-115 89 115 1 2
e-0-116 0 116 1 0
e-2-116 2 116 1 0
e-3-116 3 116 1 0
e-4-116 4 116 1 0
e-6-116 6 116 0 1
e-7-116 7 116 0 1
e-10-116 10 116 0 1
e-12-116 12 116 0 1
e-45-116 45 116 0 1
e-48-116 48 116 0 1
e-53-116 53 116 0 1
e-56-116 56 116 0 1
e-78-116 78 116 0 1
e-82-116 82 116 1 2
e-83-116 83 116 1 2
e-85-116 85 116 1 2
e-89-116 89 116 1 2
e-0-117 0 117 1 0
e-2-117 2 117 1 0
e-3-117 3 117 1 0
e-4-117 4 117 1 0
e-6-117 6 117 0 1
e-7-117 7 117 0 1
e-10-117 10 117 0 1
e-37-117 37 117 0 1
e-44-117 44 117 0 1
e-49-117 49 117 0 1
e-52-117 52 117 0 1
e-71-117 71 117 0 1
e-78-117 78 117 0 1
e-82-117 82 117 1 2
e-83-117 83 117 1 2
e-85-117 85 117 1 2
e-89-117 89 117 1 2
e-0-118 0 118 1 0
e-2-118 2 118 1 0
e-3-118 3 118 1 0
e-4-118 4 118 1 0
e-6-118 6 118 0 1
e-7-118 7 118 0 1
e-10-118 10 118 0 1
e-24-118 24 118 0 1
e-42-118 42 118 0 1
e-48-118 48 118 0 1
e-52-118 52 118 0 1
e-70-118 70 118 0 1
e-78-118 78 118 0 1
e-82-118 82 118 1 2
e-83-118 83 118 1 2
e-85-118 85 118 1 2
e-89-118 89 118 1 2
e-0-119 0 119 1 0
e-2-119 2 119 1 0
e-3-119 3 119 1 0
e-4-119 4 119 1 0
e-6-119 6 119 0 1
e-7-119 7 119 0 1
e-10-119 10 119 0 1
e-40-119 40 119 0 1
e-44-119 44 119 0 1
e-47-119 47 119 0 1
e-52-119 52 119 0 1
e-62-119 62 119 0 1
e-78-119 78 119 0 1
e-82-119 82 119 1 2
e-83-119 83 119 1 2
e-85-119 85 119 1 2
e-89-119 89 119 1 2
e-0-120 0 120 1 0
e-2-120 2 120 1 0
e-3-120 3 120 1 0
e-4-120 4 120 1 0
e-6-120 6 120 0 1
e-7-120 7 120 0 1
e-10-120 10 120 0 1
e-18-120 18 120 0 1
e-44-120 44 120 0 1
e-48-120 48 120 0 1
e-52-120 52 120 0 1
e-76-120 76 120 0 1
e-77-120 77 120 0 1
e-82-120 82 120 1 2
e-83-120 83 120 1 2
e-85-120 85 120 1 2
e-89-120 89 120 1 2
e-0-121 0 121 1 0
e-2-121 2 121 1 0
e-3-121 3 121 1 0
e-4-121 4 121 1 0
e-6-121 6 121 0 1
e-7-121 7 121 0 1
e-10-121 10 121 0 1
e-40-121 40 121 0 1
e-42-121 42 121 0 1
e-48-121 48 121 0 1
e-52-121 52 121 0 1
e-74-121 74 121 0 1
e-77-121 77 121 0 1
e-82-121 82 121 1 2
e-83-121 83 121 1 2
e-85-121 85 121 1 2
e-89-121 89 121 1 2
e-0-122 0 122 1 0
e-2-122 2 122 1 0
e-3-122 3 122 1 0
e-4-122 4 122 1 0
e-6-122 6 122 0 1
e-7-122 7 122 0 1
e-10-122 10 122 0 1
e-40-122 40 122 0 1
e-42-122 42 122 0 1
e-49-122 49 122 0 1
e-52-122 52 122 0 1
e-61-122 61 122 0 1
e-78-122 78 122 0 1
e-82-122 82 122 1 2
e-83-122 83 122 1 2
e-84-122 84 122 1 2
e-85-122 85 122 1 2
e-89-122 89 122 1 2
e-0-123 0 123 1 0
e-2-123 2 123 1 0
e-3-123 3 123 1 0
e-4-123 4 123 1 0
e-6-123 6 123 0 1
e-7-123 7 123 0 1
e-10-123 10 123 0 1
e-15-123 15 123 0 1
e-45-123 45 123 0 1
e-48-123 48 123 0 1
e-53-123 53 123 0 1
e-60-123 60 123 0 1
e-78-123 78 123 0 1
e-82-123 82 123 1 2
e-83-123 83 123 1 2
e-85-123 85 123 1 2
e-89-123 89 123 1 2
e-0-124 0 124 1 0
e-2-124 2 124 1 0
e-3-124 3 124 1 0
e-4-124 4 124 1 0
e-6-124 6 124 0 1
e-7-124 7 124 0 1
e-10-124 10 124 0 1
e-40-124 40 124 0 1
e-42-124 42 124 0 1
e-48-124 48 124 0 1
e-50-124 50 124 0 1
e-73-124 73 124 0 1
e-78-124 78 124 0 1
e-82-124 82 124 1 2
e-83-124 83 124 1 2
e-85-124 85 124 1 2
e-89-124 89 124 1 2
e-0-125 0 125 1 0
e-2-125 2 125 1 0
e-3-125 3 125 1 0
e-4-125 4 125 1 0
e-6-125 6 125 0 1
e-7-125 7 125 0 1
e-10-125 10 125 0 1
e-13-125 13 125 0 1
e-44-125 44 125 0 1
e-48-125 48 125 0 1
e-53-125 53 125 0 1
e-64-125 64 125 0 1
e-78-125 78 125 0 1
e-82-125 82 125 1 2
e-83-125 83 125 1 2
e-85-125 85 125 1 2
e-89-125 89 125 1 2
e-0-126 0 126 1 0
e-2-126 2 126 1 0
e-3-126 3 126 1 0
e-4-126 4 126 1 0
e-6-126 6 126 0 1
e-7-126 7 126 0 1
e-10-126 10 126 0 1
e-33-126 33 126 0 1
e-42-126 42 126 0 1
e-49-126 49 126 0 1
e-52-126 52 126 0 1
e-65-126 65 126 0 1
e-78-126 78 126 0 1
e-82-126 82 126 1 2
e-83-126 83 126 1 2
e-85-126 85 126 1 2
e-89-126 89 126 1 2
e-0-127 0 127 1 0
e-2-127 2 127 1 0
e-3-127 3 127 1 0
e-4-127 4 127 1 0
e-6-127 6 127 0 1
e-7-127 7 127 0 1
e-10-127 10 127 0 1
e-31-127 31 127 0 1
e-45-127 45 127 0 1
e-48-127 48 127 0 1
e-52-127 52 127 0 1
e-65-127 65 127 0 1
e-78-127 78 127 0 1
e-82-127 82 127 1 2
e-83-127 83 127 1 2
e-85-127 85 127 1 2
e-89-127 89 127 1 2
e-0-128 0 128 1 0
e-2-128 2 128 1 0
e-3-128 3 128 1 0
e-4-128 4 128 1 0
e-6-128 6 128 0 1
e-7-128 7 128 0 1
e-10-128 10 128 0 1
e-11-128 11 128 0 1
e-45-128 45 128 0 1
e-48-128 48 128 0 1
e-52-128 52 128 0 1
e-54-128 54 128 0 1
e-78-128 78 128 0 1
e-82-128 82 128 1 2
e-83-128 83 128 1 2
e-85-128 85 128 1 2
e-89-128 89 128 1 2
e-0-129 0 129 1 0
e-2-129 2 129 1 0
e-3-129 3 129 1 0
e-4-129 4 129 1 0
e-6-129 6 129 0 1
e-7-129 7 129 0 1
e-10-129 10 129 0 1
e-35-129 35 129 0 1
e-42-129 42 129 0 1
e-48-129 48 129 0 1
e-53-129 53 129 0 1
e-66-129 66 129 0 1
e-78-129 78 129 0 1
e-82-129 82 129 1 2
e-83-129 83 129 1 2
e-85-129 85 129 1 2
e-89-129 89 129 1 2
e-0-130 0 130 1 0
e-2-130 2 130 1 0
e-3-130 3 130 1 0
e-4-130 4 130 1 0
e-6-130 6 130 0 1
e-7-130 7 130 0 1
e-10-130 10 130 0 1
e-17-130 17 130 0 1
e-44-130 44 130 0 1
e-48-130 48 130 0 1
e-52-130 52 130 0 1
e-69-130 69 130 0 1
e-78-130 78 130 0 1
e-82-130 82 130 1 2
e-83-130 83 130 1 2
e-85-130 85 130 1 2
e-89-130 89 130 1 2
e-0-131 0 131 1 0
e-2-131 2 131 1 0
e-3-131 3 131 1 0
e-4-131 4 131 1 0
e-6-131 6 131 0 1
e-7-131 7 131 0 1
e-10-131 10 131 0 1
e-35-131 35 131 0 1
e-42-131 42 131 0 1
e-48-131 48 131 0 1
e-53-131 53 131 0 1
e-67-131 67 131 0 1
e-78-131 78 131 0 1
e-82-131 82 131 1 2
e-83-131 83 131 1 2
e-85-131 85 131 1 2
e-89-131 89 131 1 2
e-0-132 0 132 1 0
e-2-132 2 132 1 0
e-3-132 3 132 1 0
e-4-132 4 132 1 0
e-6-132 6 132 0 1
e-7-132 7 132 0 1
e-10-132 10 132 0 1
e-33-132 33 132 0 1
e-42-132 42 132 0 1
e-49-132 49 132 0 1
e-52-132 52 132 0 1
e-62-132 62 132 0 1
e-78-132 78 132 0 1
e-82-132 82 132 1 2
e-83-132 83 132 1 2
e-85-132 85 132 1 2
e-89-132 89 132 1 2
e-0-133 0 133 1 0
e-2-133 2 133 1 0
e-3-133 3 133 1 0
e-4-133 4 133 1 0
e-6-133 6 133 0 1
e-7-133 7 133 0 1
e-10-133 10 133 0 1
e-22-133 22 133 0 1
e-45-133 45 133 0 1
e-48-133 48 133 0 1
e-50-133 50 133 0 1
e-69-133 69 133 0 1
e-78-133 78 133 0 1
e-82-133 82 133 1 2
e-83-133 83 133 1 2
e-85-133 85 133 1 2
e-89-133 89 133 1 2
e-0-134 0 134 1 0
e-2-134 2 134 1 0
e-3-134 3 134 1 0
e-4-134 4 134 1 0
e-6-134 6 134 0 1
e-7-134 7 134 0 1
e-10-134 10 134 0 1
e-40-134 40 134 0 1
e-42-134 42 134 0 1
e-48-134 48 134 0 1
e-52-134 52 134 0 1
e-64-134 64 134 0 1
e-78-134 78 134 0 1
e-82-134 82 134 1 2
e-83-134 83 134 1 2
e-85-134 85 134 1 2
e-89-134 89 134 1 2
e-0-135 0 135 1 0
e-2-135 2 135 1 0
e-3-135 3 135 1 0
e-4-135 4 135 1 0
e-6-135 6 135 0 1
e-7-135 7 135 0 1
e-10-135 10 135 0 1
e-17-135 17 135 0 1
e-42-135 42 135 0 1
e-47-135 47 135 0 1
e-52-135 52 135 0 1
e-65-135 65 135 0 1
e-78-135 78 135 0 1
e-82-135 82 135 1 2
e-83-135 83 135 1 2
e-85-135 85 135 1 2
e-89-135 89 135 1 2
e-0-136 0 136 1 0
e-2-136 2 136 1 0
e-3-136 3 136 1 0
e-4-136 4 136 1 0
e-6-136 6 136 0 1
e-7-136 7 136 0 1
e-10-136 10 136 0 1
e-40-136 40 136 0 1
e-43-136 43 136 0 1
e-48-136 48 136 0 1
e-53-136 53 136 0 1
e-61-136 61 136 0 1
e-78-136 78 136 0 1
e-82-136 82 136 1 2
e-83-136 83 136 1 2
e-85-136 85 136 1 2
e-89-136 89 136 1 2
e-0-137 0 137 1 0
e-2-137 2 137 1 0
e-3-137 3 137 1 0
e-4-137 4 137 1 0
e-6-137 6 137 0 1
e-7-137 7 137 0 1
e-10-137 10 137 0 1
e-17-137 17 137 0 1
e-44-137 44 137 0 1
e-48-137 48 137 0 1
e-52-137 52 137 0 1
e-69-137 69 137 0 1
e-78-137 78 137 0 1
e-82-137 82 137 1 2
e-83-137 83 137 1 2
e-85-137 85 137 1 2
e-89-137 89 137 1 2
e-0-138 0 138 1 0
e-2-138 2 138 1 0
e-3-138 3 138 1 0
e-4-138 4 138 1 0
e-6-138 6 138 0 1
e-7-138 7 138 0 1
e-10-138 10 138 0 1
e-16-138 16 138 0 1
e-45-138 45 138 0 1
e-48-138 48 138 0 1
e-52-138 52 138 0 1
e-63-138 63 138 0 1
e-78-138 78 138 0 1
e-82-138 82 138 1 2
e-83-138 83 138 1 2
e-85-138 85 138 1 2
e-89-138 89 138 1 2
e-0-139 0 139 1 0
e-2-139 2 139 1 0
e-3-139 3 139 1 0
e-4-139 4 139 1 0
e-6-139 6 139 0 1
e-7-139 7 139 0 1
e-10-139 10 139 0 1
e-18-139 18 139 0 1
e-44-139 44 139 0 1
e-48-139 48 139 0 1
e-52-139 52 139 0 1
e-76-139 76 139 0 1
e-77-139 77 139 0 1
e-82-139 82 139 1 2
e-83-139 83 139 1 2
e-85-139 85 139 1 2
e-89-139 89 139 1 2
e-0-140 0 140 1 0
e-2-140 2 140 1 0
e-3-140 3 140 1 0
e-4-140 4 140 1 0
e-6-140 6 140 0 1
e-7-140 7 140 0 1
e-10-140 10 140 0 1
e-11-140 11 140 0 1
e-45-140 45 140 0 1
e-48-140 48 140 0 1
e-52-140 52 140 0 1
e-55-140 55 140 0 1
e-78-140 78 140 0 1
e-82-140 82 140 1 2
e-83-140 83 140 1 2
e-85-140 85 140 1 2
e-89-140 89 140 1 2
e-0-141 0 141 1 0
e-2-141 2 141 1 0
e-3-141 3 141 1 0
e-4-141 4 141 1 0
e-6-141 6 141 0 1
e-7-141 7 141 0 1
e-10-141 10 141 0 1
e-20-141 20 141 0 1
e-44-141 44 141 0 1
e-48-141 48 141 0 1
e-53-141 53 141 0 1
e-57-141 57 141 0 1
e-78-141 78 141 0 1
e-82-141 82 141 1 2
e-83-141 83 141 1 2
e-85-141 85 141 1 2
e-89-141 89 141 1 2
e-0-142 0 142 1 0
e-2-142 2 142 1 0
e-3-142 3 142 1 0
e-4-142 4 142 1 0
e-6-142 6 142 0 1
e-7-142 7 142 0 1
e-10-142 10 142 0 1
e-40-142 40 142 0 1
e-42-142 42 142 0 1
e-49-142 49 142 0 1
e-51-142 51 142 0 1
e-61-142 61 142 0 1
e-78-142 78 142 0 1
e-82-142 82 142 1 2
e-83-142 83 142 1 2
e-85-142 85 142 1 2
e-89-142 89 142 1 2
e-0-143 0 143 1 0
e-2-143 2 143 1 0
e-3-143 3 143 1 0
e-4-143 4 143 1 0
e-6-143 6 143 0 1
e-7-143 7 143 0 1
e-10-143 10 143 0 1
e-16-143 16 143 0 1
e-45-143 45 143 0 1
e-48-143 48 143 0 1
e-52-143 52 143 0 1
e-63-143 63 143 0 1
e-78-143 78 143 0 1
e-82-143 82 143 1 2
e-83-143 83 143 1 2
e-85-143 85 143 1 2
e-89-143 89 143 1 2
e-0-144 0 144 1 0
e-2-144 2 144 1 0
e-3-144 3 144 1 0
e-4-144 4 144 1 0
e-6-144 6 144 0 1
e-7-144 7 144 0 1
e-10-144 10 144 0 1
e-38-144 38 144 0 1
e-45-144 45 144 0 1
e-48-144 48 144 0 1
e-53-144 53 144 0 1
e-61-144 61 144 0 1
e-78-144 78 144 0 1
e-82-144 82 144 1 2
e-83-144 83 144 1 2
e-85-144 85 144 1 2
e-89-144 89 144 1 2
e-0-145 0 145 1 0
e-2-145 2 145 1 0
e-3-145 3 145 1 0
e-4-145 4 145 1 0
e-6-145 6 145 0 1
e-7-145 7 145 0 1
e-10-145 10 145 0 1
e-31-145 31 145 0 1
e-44-145 44 145 0 1
e-48-145 48 145 0 1
e-50-145 50 145 0 1
e-69-145 69 145 0 1
e-78-145 78 145 0 1
e-82-145 82 145 1 2
e-83-145 83 145 1 2
e-85-145 85 145 1 2
e-89-145 89 145 1 2
e-0-146 0 146 1 0
e-2-146 2 146 1 0
e-3-146 3 146 1 0
e-4-146 4 146 1 0
e-6-146 6 146 0 1
e-7-146 7 146 0 1
e-10-146 10 146 0 1
e-40-146 40 146 0 1
e-42-146 42 146 0 1
e-49-146 49 146 0 1
e-51-146 51 146 0 1
e-61-146 61 146 0 1
e-78-146 78 146 0 1
e-82-146 82 146 1 2
e-83-146 83 146 1 2
e-85-146 85 146 1 2
e-89-146 89 146 1 2
e-0-147 0 147 1 0
e-2-147 2 147 1 0
e-3-147 3 147 1 0
e-4-147 4 147 1 0
e-6-147 6 147 0 1
e-7-147 7 147 0 1
e-10-147 10 147 0 1
e-17-147 17 147 0 1
e-42-147 42 147 0 1
e-47-147 47 147 0 1
e-52-147 52 147 0 1
e-58-147 58 147 0 1
e-78-147 78 147 0 1
e-82-147 82 147 1 2
e-83-147 83 147 1 2
e-85-147 85 147 1 2
e-89-147 89 147 1 2
e-0-148 0 148 1 0
e-2-148 2 148 1 0
e-3-148 3 148 1 0
e-4-148 4 148 1 0
e-6-148 6 148 0 1
e-7-148 7 148 0 1
e-10-148 10 148 0 1
e-24-148 24 148 0 1
e-42-148 42 148 0 1
e-48-148 48 148 0 1
e-52-148 52 148 0 1
e-70-148 70 148 0 1
e-78-148 78 148 0 1
e-82-148 82 148 1 2
e-83-148 83 148 1 2
e-85-148 85 148 1 2
e-89-148 89 148 1 2
e-0-149 0 149 1 0
e-2-149 2 149 1 0
e-3-149 3 149 1 0
e-4-149 4 149 1 0
e-6-149 6 149 0 1
e-7-149 7 149 0 1
e-10-149 10 149 0 1
e-27-149 27 149 0 1
e-44-149 44 149 0 1
e-48-149 48 149 0 1
e-50-149 50 149 0 1
e-74-149 74 149 0 1
e-78-149 78 149 0 1
e-82-149 82 149 1 2
e-83-149 83 149 1 2
e-85-149 85 149 1 2
e-89-149 89 149 1 2
e-0-150 0 150 1 0
e-2-150 2 150 1 0
e-3-150 3 150 1 0
e-4-150 4 150 1 0
e-6-150 6 150 0 1
e-7-150 7 150 0 1
e-10-150 10 150 0 1
e-17-150 17 150 0 1
e-45-150 45 150 0 1
e-48-150 48 150 0 1
e-52-150 52 150 0 1
e-63-150 63 150 0 1
e-78-150 78 150 0 1
e-82-150 82 150 1 2
e-83-150 83 150 1 2
e-85-150 85 150 1 2
e-89-150 89 150 1 2
e-0-151 0 151 1 0
e-2-151 2 151 1 0
e-3-151 3 151 1 0
e-4-151 4 151 1 0
e-6-151 6 151 0 1
e-7-151 7 151 0 1
e-10-151 10 151 0 1
e-17-151 17 151 0 1
e-45-151 45 151 0 1
e-48-151 48 151 0 1
e-52-151 52 151 0 1
e-63-151 63 151 0 1
e-78-151 78 151 0 1
e-82-151 82 151 1 2
e-83-151 83 151 1 2
e-85-151 85 151 1 2
e-89-151 89 151 1 2
e-0-152 0 152 1 0
e-2-152 2 152 1 0
e-3-152 3 152 1 0
e-4-152 4 152 1 0
e-6-152 6 152 0 1
e-7-152 7 152 0 1
e-10-152 10 152 0 1
e-40-152 40 152 0 1
e-42-152 42 152 0 1
e-49-152 49 152 0 1
e-52-152 52 152 0 1
e-72-152 72 152 0 1
e-77-152 77 152 0 1
e-82-152 82 152 1 2
e-83-152 83 152 1 2
e-85-152 85 152 1 2
e-89-152 89 152 1 2
e-0-153 0 153 1 0
e-2-153 2 153 1 0
e-3-153 3 153 1 0
e-4-153 4 153 1 0
e-6-153 6 153 0 1
e-7-153 7 153 0 1
e-10-153 10 153 0 1
e-28-153 28 153 0 1
e-42-153 42 153 0 1
e-48-153 48 153 0 1
e-52-153 52 153 0 1
e-64-153 64 153 0 1
e-78-153 78 153 0 1
e-82-153 82 153 1 2
e-83-153 83 153 1 2
e-85-153 85 153 1 2
e-89-153 89 153 1 2
e-0-154 0 154 1 0
e-2-154 2 154 1 0
e-3-154 3 154 1 0
e-4-154 4 154 1 0
e-6-154 6 154 0 1
e-7-154 7 154 0 1
e-10-154 10 154 0 1
e-40-154 40 154 0 1
e-43-154 43 154 0 1
e-48-154 48 154 0 1
e-53-154 53 154 0 1
e-61-154 61 154 0 1
e-78-154 78 154 0 1
e-82-154 82 154 1 2
e-83-154 83 154 1 2
e-85-154 85 154 1 2
e-89-154 89 154 1 2
e-0-155 0 155 1 0
e-2-155 2 155 1 0
e-3-155 3 155 1 0
e-4-155 4 155 1 0
e-6-155 6 155 0 1
e-7-155 7 155 0 1
e-10-155 10 155 0 1
e-26-155 26 155 0 1
e-44-155 44 155 0 1
e-48-155 48 155 0 1
e-50-155 50 155 0 1
e-64-155 64 155 0 1
e-78-155 78 155 0 1
e-82-155 82 155 1 2
e-83-155 83 155 1 2
e-85-155 85 155 1 2
e-89-155 89 155 1 2
e-0-156 0 156 1 0
e-2-156 2 156 1 0
e-3-156 3 156 1 0
e-4-156 4 156 1 0
e-6-156 6 156 0 1
e-7-156 7 156 0 1
e-10-156 10 156 0 1
e-40-156 40 156 0 1
e-42-156 42 156 0 1
e-48-156 48 156 0 1
e-52-156 52 156 0 1
e-69-156 69 156 0 1
e-78-156 78 156 0 1
e-82-156 82 156 1 2
e-83-156 83 156 1 2
e-85-156 85 156 1 2
e-89-156 89 156 1 2
e-0-157 0 157 1 0
e-2-157 2 157 1 0
e-3-157 3 157 1 0
e-4-157 4 157 1 0
e-6-157 6 157 0 1
e-7-157 7 157 0 1
e-10-157 10 157 0 1
e-17-157 17 157 0 1
e-45-157 45 157 0 1
e-47-157 47 157 0 1
e-50-157 50 157 0 1
e-74-157 74 157 0 1
e-78-157 78 157 0 1
e-82-157 82 157 1 2
e-83-157 83 157 1 2
e-85-157 85 157 1 2
e-89-157 89 157 1 2
e-0-158 0 158 1 0
e-2-158 2 158 1 0
e-3-158 3 158 1 0
e-4-158 4 158 1 0
e-6-158 6 158 0 1
e-7-158 7 158 0 1
e-10-158 10 158 0 1
e-17-158 17 158 0 1
e-45-158 45 158 0 1
e-48-158 48 158 0 1
e-53-158 53 158 0 1
e-69-158 69 158 0 1
e-78-158 78 158 0 1
e-82-158 82 158 1 2
e-83-158 83 158 1 2
e-85-158 85 158 1 2
e-89-158 89 158 1 2
e-0-159 0 159 1 0
e-2-159 2 159 1 0
e-3-159 3 159 1 0
e-4-159 4 159 1 0
e-6-159 6 159 0 1
e-7-159 7 159 0 1
e-10-159 10 159 0 1
e-15-159 15 159 0 1
e-45-159 45 159 0 1
e-48-159 48 159 0 1
e-53-159 53 159 0 1
e-64-159 64 159 0 1
e-78-159 78 159 0 1
e-82-159 82 159 1 2
e-83-159 83 159 1 2
e-85-159 85 159 1 2
e-89-159 89 159 1 2
e-0-160 0 160 1 0
e-2-160 2 160 1 0
e-3-160 3 160 1 0
e-4-160 4 160 1 0
e-6-160 6 160 0 1
e-7-160 7 160 0 1
e-10-160 10 160 0 1
e-40-160 40 160 0 1
e-42-160 42 160 0 1
e-48-160 48 160 0 1
e-53-160 53 160 0 1
e-76-160 76 160 0 1
e-78-160 78 160 0 1
e-82-160 82 160 1 2
e-83-160 83 160 1 2
e-84-160 84 160 1 2
e-85-160 85 160 1 2
e-89-160 89 160 1 2
e-0-161 0 161 1 0
e-2-161 2 161 1 0
e-3-161 3 161 1 0
e-4-161 4 161 1 0
e-6-161 6 161 0 1
e-7-161 7 161 0 1
e-10-161 10 161 0 1
e-40-161 40 161 0 1
e-42-161 42 161 0 1
e-48-161 48 161 0 1
e-50-161 50 161 0 1
e-58-161 58 161 0 1
e-78-161 78 161 0 1
e-82-161 82 161 1 2
e-83-161 83 161 1 2
e-84-161 84 161 1 2
e-85-161 85 161 1 2
e-89-161 89 161 1 2
e-0-162 0 162 1 0
e-2-162 2 162 1 0
e-3-162 3 162 1 0
e-4-162 4 162 1 0
e-6-162 6 162 0 1
e-7-162 7 162 0 1
e-10-162 10 162 0 1
e-40-162 40 162 0 1
e-43-162 43 162 0 1
e-48-162 48 162 0 1
e-53-162 53 162 0 1
e-60-162 60 162 0 1
e-78-162 78 162 0 1
e-82-162 82 162 1 2
e-83-162 83 162 1 2
e-85-162 85 162 1 2
e-89-162 89 162 1 2
e-0-163 0 163 1 0
e-2-163 2 163 1 0
e-3-163 3 163 1 0
e-4-163 4 163 1 0
e-6-163 6 163 0 1
e-7-163 7 163 0 1
e-10-163 10 163 0 1
e-15-163 15 163 0 1
e-45-163 45 163 0 1
e-48-163 48 163 0 1
e-53-163 53 163 0 1
e-64-163 64 163 0 1
e-78-163 78 163 0 1
e-82-163 82 163 1 2
e-83-163 83 163 1 2
e-85-163 85 163 1 2
e-89-163 89 163 1 2
e-0-164 0 164 1 0
e-2-164 2 164 1 0
e-3-164 3 164 1 0
e-4-164 4 164 1 0
e-6-164 6 164 0 1
e-7-164 7 164 0 1
e-10-164 10 164 0 1
e-34-164 34 164 0 1
e-44-164 44 164 0 1
e-48-164 48 164 0 1
e-52-164 52 164 0 1
e-73-164 73 164 0 1
e-78-164 78 164 0 1
e-82-164 82 164 1 2
e-83-164 83 164 1 2
e-85-164 85 164 1 2
e-89-164 89 164 1 2
e-0-165 0 165 1 0
e-2-165 2 165 1 0
e-3-165 3 165 1 0
e-4-165 4 165 1 0
e-6-165 6 165 0 1
e-7-165 7 165 0 1
e-10-165 10 165 0 1
e-31-165 31 165 0 1
e-44-165 44 165 0 1
e-48-165 48 165 0 1
e-50-165 50 165 0 1
e-69-165 69 165 0 1
e-78-165 78 165 0 1
e-82-165 82 165 1 2
e-83-165 83 165 1 2
e-85-165 85 165 1 2
e-89-165 89 165 1 2
e-0-166 0 166 1 0
e-2-166 2 166 1 0
e-3-166 3 166 1 0
e-4-166 4 166 1 0
e-6-166 6 166 0 1
e-7-166 7 166 0 1
e-10-166 10 166 0 1
e-13-166 13 166 0 1
e-44-166 44 166 0 1
e-48-166 48 166 0 1
e-53-166 53 166 0 1
e-64-166 64 166 0 1
e-78-166 78 166 0 1
e-82-166 82 166 1 2
e-83-166 83 166 1 2
e-85-166 85 166 1 2
e-89-166 89 166 1 2
e-0-167 0 167 1 0
e-2-167 2 167 1 0
e-3-167 3 167 1 0
e-4-167 4 167 1 0
e-6-167 6 167 0 1
e-7-167 7 167 0 1
e-10-167 10 167 0 1
e-33-167 33 167 0 1
e-42-167 42 167 0 1
e-49-167 49 167 0 1
e-52-167 52 167 0 1
e-66-167 66 167 0 1
e-78-167 78 167 0 1
e-82-167 82 167 1 2
e-83-167 83 167 1 2
e-85-167 85 167 1 2
e-89-167 89 167 1 2
e-0-168 0 168 1 0
e-2-168 2 168 1 0
e-3-168 3 168 1 0
e-4-168 4 168 1 0
e-6-168 6 168 0 1
e-7-168 7 168 0 1
e-10-168 10 168 0 1
e-40-168 40 168 0 1
e-42-168 42 168 0 1
e-49-168 49 168 0 1
e-50-168 50 168 0 1
e-70-168 70 168 0 1
e-78-168 78 168 0 1
e-82-168 82 168 1 2
e-83-168 83 168 1 2
e-85-168 85 168 1 2
e-89-168 89 168 1 2
e-0-169 0 169 1 0
e-2-169 2 169 1 0
e-3-169 3 169 1 0
e-4-169 4 169 1 0
e-6-169 6 169 0 1
e-7-169 7 169 0 1
e-10-169 10 169 0 1
e-38-169 38 169 0 1
e-45-169 45 169 0 1
e-48-169 48 169 0 1
e-53-169 53 169 0 1
e-63-169 63 169 0 1
e-78-169 78 169 0 1
e-82-169 82 169 1 2
e-83-169 83 169 1 2
e-85-169 85 169 1 2
e-89-169 89 169 1 2
e-0-170 0 170 1 0
e-2-170 2 170 1 0
e-3-170 3 170 1 0
e-4-170 4 170 1 0
e-6-170 6 170 0 1
e-7-170 7 170 0 1
e-10-170 10 170 0 1
e-18-170 18 170 0 1
e-44-170 44 170 0 1
e-48-170 48 170 0 1
e-52-170 52 170 0 1
e-76-170 76 170 0 1
e-77-170 77 170 0 1
e-82-170 82 170 1 2
e-83-170 83 170 1 2
e-85-170 85 170 1 2
e-89-170 89 170 1 2
e-0-171 0 171 1 0
e-2-171 2 171 1 0
e-3-171 3 171 1 0
e-4-171 4 171 1 0
e-6-171 6 171 0 1
e-7-171 7 171 0 1
e-10-171 10 171 0 1
e-38-171 38 171 0 1
e-45-171 45 171 0 1
e-48-171 48 171 0 1
e-53-171 53 171 0 1
e-61-171 61 171 0 1
e-78-171 78 171 0 1
e-82-171 82 171 1 2
e-83-171 83 171 1 2
e-85-171 85 171 1 2
e-89-171 89 171 1 2
e-0-172 0 172 1 0
e-2-172 2 172 1 0
e-3-172 3 172 1 0
e-4-172 4 172 1 0
e-6-172 6 172 0 1
e-7-172 7 172 0 1
e-10-172 10 172 0 1
e-12-172 12 172 0 1
e-45-172 45 172 0 1
e-48-172 48 172 0 1
e-52-172 52 172 0 1
e-69-172 69 172 0 1
e-78-172 78 172 0 1
e-82-172 82 172 1 2
e-83-172 83 172 1 2
e-85-172 85 172 1 2
e-89-172 89 172 1 2
e-0-173 0 173 1 0
e-2-173 2 173 1 0
e-3-173 3 173 1 0
e-4-173 4 173 1 0
e-6-173 6 173 0 1
e-7-173 7 173 0 1
e-10-173 10 173 0 1
e-14-173 14 173 0 1
e-45-173 45 173 0 1
e-48-173 48 173 0 1
e-53-173 53 173 0 1
e-65-173 65 173 0 1
e-78-173 78 173 0 1
e-82-173 82 173 1 2
e-83-173 83 173 1 2
e-85-173 85 173 1 2
e-89-173 89 173 1 2
e-0-174 0 174 1 0
e-2-174 2 174 1 0
e-3-174 3 174 1 0
e-4-174 4 174 1 0
e-6-174 6 174 0 1
e-7-174 7 174 0 1
e-10-174 10 174 0 1
e-40-174 40 174 0 1
e-42-174 42 174 0 1
e-48-174 48 174 0 1
e-53-174 53 174 0 1
e-70-174 70 174 0 1
e-78-174 78 174 0 1
e-82-174 82 174 1 2
e-83-174 83 174 1 2
e-84-174 84 174 1 2
e-85-174 85 174 1 2
e-89-174 89 174 1 2
e-0-175 0 175 1 0
e-2-175 2 175 1 0
e-3-175 3 175 1 0
e-4-175 4 175 1 0
e-6-175 6 175 0 1
e-7-175 7 175 0 1
e-10-175 10 175 0 1
e-40-175 40 175 0 1
e-42-175 42 175 0 1
e-48-175 48 175 0 1
e-52-175 52 175 0 1
e-74-175 74 175 0 1
e-77-175 77 175 0 1
e-82-175 82 175 1 2
e-83-175 83 175 1 2
e-85-175 85 175 1 2
e-89-175 89 175 1 2
e-0-176 0 176 1 0
e-2-176 2 176 1 0
e-3-176 3 176 1 0
e-4-176 4 176 1 0
e-6-176 6 176 0 1
e-7-176 7 176 0 1
e-10-176 10 176 0 1
e-40-176 40 176 0 1
e-42-176 42 176 0 1
e-48-176 48 176 0 1
e-53-176 53 176 0 1
e-70-176 70 176 0 1
e-78-176 78 176 0 1
e-82-176 82 176 1 2
e-83-176 83 176 1 2
e-85-176 85 176 1 2
e-89-176 89 176 1 2
e-0-177 0 177 1 0
e-2-177 2 177 1 0
e-3-177 3 177 1 0
e-4-177 4 177 1 0
e-6-177 6 177 0 1
e-7-177 7 177 0 1
e-10-177 10 177 0 1
e-12-177 12 177 0 1
e-45-177 45 177 0 1
e-48-177 48 177 0 1
e-53-177 53 177 0 1
e-55-177 55 177 0 1
e-78-177 78 177 0 1
e-82-177 82 177 1 2
e-83-177 83 177 1 2
e-85-177 85 177 1 2
e-89-177 89 177 1 2
e-0-178 0 178 1 0
e-2-178 2 178 1 0
e-3-178 3 178 1 0
e-4-178 4 178 1 0
e-6-178 6 178 0 1
e-7-178 7 178 0 1
e-10-178 10 178 0 1
e-40-178 40 178 0 1
e-42-178 42 178 0 1
e-49-178 49 178 0 1
e-50-178 50 178 0 1
e-70-178 70 178 0 1
e-78-178 78 178 0 1
e-82-178 82 178 1 2
e-83-178 83 178 1 2
e-84-178 84 178 1 2
e-85-178 85 178 1 2
e-89-178 89 178 1 2
e-0-179 0 179 1 0
e-2-179 2 179 1 0
e-3-179 3 179 1 0
e-4-179 4 179 1 0
e-6-179 6 179 0 1
e-7-179 7 179 0 1
e-10-179 10 179 0 1
e-16-179 16 179 0 1
e-45-179 45 179 0 1
e-48-179 48 179 0 1
e-52-179 52 179 0 1
e-63-179 63 179 0 1
e-78-179 78 179 0 1
e-82-179 82 179 1 2
e-83-179 83 179 1 2
e-85-179 85 179 1 2
e-89-179 89 179 1 2
e-0-180 0 180 1 0
e-2-180 2 180 1 0
e-3-180 3 180 1 0
e-4-180 4 180 1 0
e-6-180 6 180 0 1
e-7-180 7 180 0 1
e-10-180 10 180 0 1
e-31-180 31 180 0 1
e-45-180 45 180 0 1
e-48-180 48 180 0 1
e-52-180 52 180 0 1
e-65-180 65 180 0 1
e-78-180 78 180 0 1
e-82-180 82 180 1 2
e-83-180 83 180 1 2
e-85-180 85 180 1 2
e-89-180 89 180 1 2
e-0-181 0 181 1 0
e-2-181 2 181 1 0
e-3-181 3 181 1 0
e-4-181 4 181 1 0
e-6-181 6 181 0 1
e-7-181 7 181 0 1
e-10-181 10 181 0 1
e-29-181 29 181 0 1
e-44-181 44 181 0 1
e-48-181 48 181 0 1
e-53-181 53 181 0 1
e-71-181 71 181 0 1
e-78-181 78 181 0 1
e-82-181 82 181 1 2
e-83-181 83 181 1 2
e-85-181 85 181 1 2
e-89-181 89 181 1 2
e-0-182 0 182 1 0
e-2-182 2 182 1 0
e-3-182 3 182 1 0
e-4-182 4 182 1 0
e-6-182 6 182 0 1
e-7-182 7 182 0 1
e-10-182 10 182 0 1
e-37-182 37 182 0 1
e-44-182 44 182 0 1
e-49-182 49 182 0 1
e-52-182 52 182 0 1
e-74-182 74 182 0 1
e-78-182 78 182 0 1
e-82-182 82 182 1 2
e-83-182 83 182 1 2
e-85-182 85 182 1 2
e-89-182 89 182 1 2
e-0-183 0 183 1 0
e-2-183 2 183 1 0
e-3-183 3 183 1 0
e-4-183 4 183 1 0
e-6-183 6 183 0 1
e-7-183 7 183 0 1
e-10-183 10 183 0 1
e-33-183 33 183 0 1
e-42-183 42 183 0 1
e-49-183 49 183 0 1
e-52-183 52 183 0 1
e-71-183 71 183 0 1
e-78-183 78 183 0 1
e-82-183 82 183 1 2
e-83-183 83 183 1 2
e-85-183 85 183 1 2
e-89-183 89 183 1 2
e-0-184 0 184 1 0
e-2-184 2 184 1 0
e-3-184 3 184 1 0
e-4-184 4 184 1 0
e-6-184 6 184 0 1
e-7-184 7 184 0 1
e-10-184 10 184 0 1
e-25-184 25 184 0 1
e-45-184 45 184 0 1
e-48-184 48 184 0 1
e-52-184 52 184 0 1
e-54-184 54 184 0 1
e-79-184 79 184 0 1
e-82-184 82 184 1 2
e-83-184 83 184 1 2
e-84-184 84 184 1 2
e-85-184 85 184 1 2
e-89-184 89 184 1 2
e-0-185 0 185 1 0
e-2-185 2 185 1 0
e-3-185 3 185 1 0
e-4-185 4 185 1 0
e-6-185 6 185 0 1
e-7-185 7 185 0 1
e-10-185 10 185 0 1
e-40-185 40 185 0 1
e-42-185 42 185 0 1
e-48-185 48 185 0 1
e-50-185 50 185 0 1
e-58-185 58 185 0 1
e-78-185 78 185 0 1
e-82-185 82 185 1 2
e-83-185 83 185 1 2
e-85-185 85 185 1 2
e-89-185 89 185 1 2
e-0-186 0 186 1 0
e-2-186 2 186 1 0
e-3-186 3 186 1 0
e-4-186 4 186 1 0
e-6-186 6 186 0 1
e-7-186 7 186 0 1
e-10-186 10 186 0 1
e-15-186 15 186 0 1
e-45-186 45 186 0 1
e-48-186 48 186 0 1
e-53-186 53 186 0 1
e-63-186 63 186 0 1
e-78-186 78 186 0 1
e-82-186 82 186 1 2
e-83-186 83 186 1 2
e-85-186 85 186 1 2
e-89-186 89 186 1 2
e-0-187 0 187 1 0
e-2-187 2 187 1 0
e-3-187 3 187 1 0
e-4-187 4 187 1 0
e-6-187 6 187 0 1
e-7-187 7 187 0 1
e-10-187 10 187 0 1
e-32-187 32 187 0 1
e-44-187 44 187 0 1
e-48-187 48 187 0 1
e-52-187 52 187 0 1
e-55-187 55 187 0 1
e-79-187 79 187 0 1
e-82-187 82 187 1 2
e-83-187 83 187 1 2
e-85-187 85 187 1 2
e-89-187 89 187 1 2
e-0-188 0 188 1 0
e-2-188 2 188 1 0
e-3-188 3 188 1 0
e-4-188 4 188 1 0
e-6-188 6 188 0 1
e-7-188 7 188 0 1
e-10-188 10 188 0 1
e-22-188 22 188 0 1
e-45-188 45 188 0 1
e-48-188 48 188 0 1
e-50-188 50 188 0 1
e-65-188 65 188 0 1
e-78-188 78 188 0 1
e-82-188 82 188 1 2
e-83-188 83 188 1 2
e-85-188 85 188 1 2
e-89-188 89 188 1 2
e-0-189 0 189 1 0
e-2-189 2 189 1 0
e-3-189 3 189 1 0
e-4-189 4 189 1 0
e-6-189 6 189 0 1
e-7-189 7 189 0 1
e-10-189 10 189 0 1
e-23-189 23 189 0 1
e-44-189 44 189 0 1
e-48-189 48 189 0 1
e-50-189 50 189 0 1
e-54-189 54 189 0 1
e-79-189 79 189 0 1
e-82-189 82 189 1 2
e-83-189 83 189 1 2
e-85-189 85 189 1 2
e-89-189 89 189 1 2
e-0-190 0 190 1 0
e-2-190 2 190 1 0
e-3-190 3 190 1 0
e-4-190 4 190 1 0
e-6-190 6 190 0 1
e-7-190 7 190 0 1
e-10-190 10 190 0 1
e-40-190 40 190 0 1
e-42-190 42 190 0 1
e-48-190 48 190 0 1
e-50-190 50 190 0 1
e-73-190 73 190 0 1
e-78-190 78 190 0 1
e-82-190 82 190 1 2
e-83-190 83 190 1 2
e-85-190 85 190 1 2
e-89-190 89 190 1 2
e-0-191 0 191 1 0
e-2-191 2 191 1 0
e-3-191 3 191 1 0
e-4-191 4 191 1 0
e-6-191 6 191 0 1
e-7-191 7 191 0 1
e-10-191 10 191 0 1
e-17-191 17 191 0 1
e-45-191 45 191 0 1
e-49-191 49 191 0 1
e-51-191 51 191 0 1
e-75-191 75 191 0 1
e-77-191 77 191 0 1
e-82-191 82 191 1 2
e-83-191 83 191 1 2
e-85-191 85 191 1 2
e-89-191 89 191 1 2
e-0-192 0 192 1 0
e-2-192 2 192 1 0
e-3-192 3 192 1 0
e-4-192 4 192 1 0
e-6-192 6 192 0 1
e-7-192 7 192 0 1
e-10-192 10 192 0 1
e-17-192 17 192 0 1
e-42-192 42 192 0 1
e-48-192 48 192 0 1
e-52-192 52 192 0 1
e-74-192 74 192 0 1
e-77-192 77 192 0 1
e-82-192 82 192 1 2
e-83-192 83 192 1 2
e-85-192 85 192 1 2
e-89-192 89 192 1 2
e-0-193 0 193 1 0
e-1-193 1 193 1 0
e-2-193 2 193 1 0
e-3-193 3 193 1 0
e-4-193 4 193 1 0
e-5-193 5 193 0 1
e-8-193 8 193 0 1
e-9-193 9 193 0 1
e-27-193 27 193 0 1
e-46-193 46 193 0 1
e-48-193 48 193 0 1
e-50-193 50 193 0 1
e-69-193 69 193 0 1
e-78-193 78 193 0 1
e-80-193 80 193 0 1
e-81-193 81 193 0 1
e-86-193 86 193 1 2
e-87-193 87 193 1 2
e-88-193 88 193 1 2
e-89-193 89 193 1 2
e-0-194 0 194 1 0
e-2-194 2 194 1 0
e-3-194 3 194 1 0
e-4-194 4 194 1 0
e-6-194 6 194 0 1
e-7-194 7 194 0 1
e-10-194 10 194 0 1
e-20-194 20 194 0 1
e-44-194 44 194 0 1
e-48-194 48 194 0 1
e-52-194 52 194 0 1
e-76-194 76 194 0 1
e-78-194 78 194 0 1
e-82-194 82 194 1 2
e-83-194 83 194 1 2
e-85-194 85 194 1 2
e-89-194 89 194 1 2
e-0-195 0 195 1 0
e-2-195 2 195 1 0
e-3-195 3 195 1 0
e-4-195 4 195 1 0
e-6-195 6 195 0 1
e-7-195 7 195 0 1
e-10-195 10 195 0 1
e-11-195 11 195 0 1
e-45-195 45 195 0 1
e-48-195 48 195 0 1
e-52-195 52 195 0 1
e-54-195 54 195 0 1
e-78-195 78 195 0 1
e-82-195 82 195 1 2
e-83-195 83 195 1 2
e-85-195 85 195 1 2
e-89-195 89 195 1 2
e-0-196 0 196 1 0
e-2-196 2 196 1 0
e-3-196 3 196 1 0
e-4-196 4 196 1 0
e-6-196 6 196 0 1
e-7-196 7 196 0 1
e-10-196 10 196 0 1
e-37-196 37 196 0 1
e-44-196 44 196 0 1
e-49-196 49 196 0 1
e-52-196 52 196 0 1
e-71-196 71 196 0 1
e-78-196 78 196 0 1
e-82-196 82 196 1 2
e-83-196 83 196 1 2
e-85-196 85 196 1 2
e-89-196 89 196 1 2
e-0-197 0 197 1 0
e-2-197 2 197 1 0
e-3-197 3 197 1 0
e-4-197 4 197 1 0
e-6-197 6 197 0 1
e-7-197 7 197 0 1
e-10-197 10 197 0 1
e-13-197 13 197 0 1
e-44-197 44 197 0 1
e-48-197 48 197 0 1
e-53-197 53 197 0 1
e-65-197 65 197 0 1
e-78-197 78 197 0 1
e-82-197 82 197 1 2
e-83-197 83 197 1 2
e-85-197 85 197 1 2
e-89-197 89 197 1 2
e-0-198 0 198 1 0
e-2-198 2 198 1 0
e-3-198 3 198 1 0
e-4-198 4 198 1 0
e-6-198 6 198 0 1
e-7-198 7 198 0 1
e-10-198 10 198 0 1
e-30-198 30 198 0 1
e-44-198 44 198 0 1
e-48-198 48 198 0 1
e-50-198 50 198 0 1
e-54-198 54 198 0 1
e-79-198 79 198 0 1
e-82-198 82 198 1 2
e-83-198 83 198 1 2
e-85-198 85 198 1 2
e-89-198 89 198 1 2
e-0-199 0 199 1 0
e-2-199 2 199 1 0
e-3-199 3 199 1 0
e-4-199 4 199 1 0
e-6-199 6 199 0 1
e-7-199 7 199 0 1
e-10-199 10 199 0 1
e-40-199 40 199 0 1
e-42-199 42 199 0 1
e-49-199 49 199 0 1
e-52-199 52 199 0 1
e-72-199 72 199 0 1
e-77-199 77 199 0 1
e-82-199 82 199 1 2
e-83-199 83 199 1 2
e-85-199 85 199 1 2
e-89-199 89 199 1 2
