e-0-119 0 0 1 0
e-2-119 2 0 1 0
e-3-119 3 0 1 0
e-4-119 4 0 1 0
e-6-119 6 0 0 1
e-7-119 7 0 0 1
e-10-119 10 0 0 1
e-40-119 40 0 0 1
e-44-119 44 0 0 1
e-47-119 47 0 0 1
e-52-119 52 0 0 1
e-62-119 62 0 0 1
e-78-119 78 0 0 1
e-82-119 82 0 1 2
e-83-119 83 0 1 2
e-85-119 85 0 1 2
e-89-119 89 0 1 2
e-0-84 0 1 1 0
e-2-84 2 1 1 0
e-3-84 3 1 1 0
e-4-84 4 1 1 0
e-6-84 6 1 0 1
e-7-84 7 1 0 1
e-10-84 10 1 0 1
e-40-84 40 1 0 1
e-43-84 43 1 0 1
e-48-84 48 1 0 1
e-53-84 53 1 0 1
e-61-84 61 1 0 1
e-78-84 78 1 0 1
e-82-84 82 1 1 2
e-83-84 83 1 1 2
e-85-84 85 1 1 2
e-89-84 89 1 1 2
e-0-136 0 2 1 0
e-2-136 2 2 1 0
e-3-136 3 2 1 0
e-4-136 4 2 1 0
e-6-136 6 2 0 1
e-7-136 7 2 0 1
e-10-136 10 2 0 1
e-40-136 40 2 0 1
e-43-136 43 2 0 1
e-48-136 48 2 0 1
e-53-136 53 2 0 1
e-61-136 61 2 0 1
e-78-136 78 2 0 1
e-82-136 82 2 1 2
e-83-136 83 2 1 2
e-85-136 85 2 1 2
e-89-136 89 2 1 2
e-0-154 0 3 1 0
e-2-154 2 3 1 0
e-3-154 3 3 1 0
e-4-154 4 3 1 0
e-6-154 6 3 0 1
e-7-154 7 3 0 1
e-10-154 10 3 0 1
e-40-154 40 3 0 1
e-43-154 43 3 0 1
e-48-154 48 3 0 1
e-53-154 53 3 0 1
e-61-154 61 3 0 1
e-78-154 78 3 0 1
e-82-154 82 3 1 2
e-83-154 83 3 1 2
e-85-154 85 3 1 2
e-89-154 89 3 1 2
e-0-162 0 4 1 0
e-2-162 2 4 1 0
e-3-162 3 4 1 0
e-4-162 4 4 1 0
e-6-162 6 4 0 1
e-7-162 7 4 0 1
e-10-162 10 4 0 1
e-40-162 40 4 0 1
e-43-162 43 4 0 1
e-48-162 48 4 0 1
e-53-162 53 4 0 1
e-60-162 60 4 0 1
e-78-162 78 4 0 1
e-82-162 82 4 1 2
e-83-162 83 4 1 2
e-85-162 85 4 1 2
e-89-162 89 4 1 2
e-0-199 0 5 1 0
e-2-199 2 5 1 0
e-3-199 3 5 1 0
e-4-199 4 5 1 0
e-6-199 6 5 0 1
e-7-199 7 5 0 1
e-10-199 10 5 0 1
e-40-199 40 5 0 1
e-42-199 42 5 0 1
e-49-199 49 5 0 1
e-52-199 52 5 0 1
e-72-199 72 5 0 1
e-77-199 77 5 0 1
e-82-199 82 5 1 2
e-83-199 83 5 1 2
e-85-199 85 5 1 2
e-89-199 89 5 1 2
e-0-152 0 6 1 0
e-2-152 2 6 1 0
e-3-152 3 6 1 0
e-4-152 4 6 1 0
e-6-152 6 6 0 1
e-7-152 7 6 0 1
e-10-152 10 6 0 1
e-40-152 40 6 0 1
e-42-152 42 6 0 1
e-49-152 49 6 0 1
e-52-152 52 6 0 1
e-72-152 72 6 0 1
e-77-152 77 6 0 1
e-82-152 82 6 1 2
e-83-152 83 6 1 2
e-85-152 85 6 1 2
e-89-152 89 6 1 2
e-0-15 0 7 1 0
e-2-15 2 7 1 0
e-3-15 3 7 1 0
e-4-15 4 7 1 0
e-6-15 6 7 0 1
e-7-15 7 7 0 1
e-10-15 10 7 0 1
e-40-15 40 7 0 1
e-42-15 42 7 0 1
e-49-15 49 7 0 1
e-52-15 52 7 0 1
e-72-15 72 7 0 1
e-77-15 77 7 0 1
e-82-15 82 7 1 2
e-83-15 83 7 1 2
e-85-15 85 7 1 2
e-89-15 89 7 1 2
e-0-122 0 8 1 0
e-2-122 2 8 1 0
e-3-122 3 8 1 0
e-4-122 4 8 1 0
e-6-122 6 8 0 1
e-7-122 7 8 0 1
e-10-122 10 8 0 1
e-40-122 40 8 0 1
e-42-122 42 8 0 1
e-49-122 49 8 0 1
e-52-122 52 8 0 1
e-61-122 61 8 0 1
e-78-122 78 8 0 1
e-82-122 82 8 1 2
e-83-122 83 8 1 2
e-84-122 84 8 1 2
e-85-122 85 8 1 2
e-89-122 89 8 1 2
e-0-32 0 9 1 0
e-2-32 2 9 1 0
e-3-32 3 9 1 0
e-4-32 4 9 1 0
e-6-32 6 9 0 1
e-7-32 7 9 0 1
e-10-32 10 9 0 1
e-40-32 40 9 0 1
e-42-32 42 9 0 1
e-49-32 49 9 0 1
e-51-32 51 9 0 1
e-72-32 72 9 0 1
e-77-32 77 9 0 1
e-82-32 82 9 1 2
e-83-32 83 9 1 2
e-85-32 85 9 1 2
e-89-32 89 9 1 2
e-0-64 0 10 1 0
e-2-64 2 10 1 0
e-3-64 3 10 1 0
e-4-64 4 10 1 0
e-6-64 6 10 0 1
e-7-64 7 10 0 1
e-10-64 10 10 0 1
e-40-64 40 10 0 1
e-42-64 42 10 0 1
e-49-64 49 10 0 1
e-51-64 51 10 0 1
e-72-64 72 10 0 1
e-77-64 77 10 0 1
e-82-64 82 10 1 2
e-83-64 83 10 1 2
e-84-64 84 10 1 2
e-85-64 85 10 1 2
e-89-64 89 10 1 2
e-0-142 0 11 1 0
e-2-142 2 11 1 0
e-3-142 3 11 1 0
e-4-142 4 11 1 0
e-6-142 6 11 0 1
e-7-142 7 11 0 1
e-10-142 10 11 0 1
e-40-142 40 11 0 1
e-42-142 42 11 0 1
e-49-142 49 11 0 1
e-51-142 51 11 0 1
e-61-142 61 11 0 1
e-78-142 78 11 0 1
e-82-142 82 11 1 2
e-83-142 83 11 1 2
e-85-142 85 11 1 2
e-89-142 89 11 1 2
e-0-19 0 12 1 0
e-2-19 2 12 1 0
e-3-19 3 12 1 0
e-4-19 4 12 1 0
e-6-19 6 12 0 1
e-7-19 7 12 0 1
e-10-19 10 12 0 1
e-40-19 40 12 0 1
e-42-19 42 12 0 1
e-49-19 49 12 0 1
e-51-19 51 12 0 1
e-61-19 61 12 0 1
e-78-19 78 12 0 1
e-82-19 82 12 1 2
e-83-19 83 12 1 2
e-85-19 85 12 1 2
e-89-19 89 12 1 2
e-0-146 0 13 1 0
e-2-146 2 13 1 0
e-3-146 3 13 1 0
e-4-146 4 13 1 0
e-6-146 6 13 0 1
e-7-146 7 13 0 1
e-10-146 10 13 0 1
e-40-146 40 13 0 1
e-42-146 42 13 0 1
e-49-146 49 13 0 1
e-51-146 51 13 0 1
e-61-146 61 13 0 1
e-78-146 78 13 0 1
e-82-146 82 13 1 2
e-83-146 83 13 1 2
e-85-146 85 13 1 2
e-89-146 89 13 1 2
e-0-168 0 14 1 0
e-2-168 2 14 1 0
e-3-168 3 14 1 0
e-4-168 4 14 1 0
e-6-168 6 14 0 1
e-7-168 7 14 0 1
e-10-168 10 14 0 1
e-40-168 40 14 0 1
e-42-168 42 14 0 1
e-49-168 49 14 0 1
e-50-168 50 14 0 1
e-70-168 70 14 0 1
e-78-168 78 14 0 1
e-82-168 82 14 1 2
e-83-168 83 14 1 2
e-85-168 85 14 1 2
e-89-168 89 14 1 2
e-0-73 0 15 1 0
e-2-73 2 15 1 0
e-3-73 3 15 1 0
e-4-73 4 15 1 0
e-6-73 6 15 0 1
e-7-73 7 15 0 1
e-10-73 10 15 0 1
e-40-73 40 15 0 1
e-42-73 42 15 0 1
e-49-73 49 15 0 1
e-50-73 50 15 0 1
e-70-73 70 15 0 1
e-78-73 78 15 0 1
e-82-73 82 15 1 2
e-83-73 83 15 1 2
e-85-73 85 15 1 2
e-89-73 89 15 1 2
e-0-178 0 16 1 0
e-2-178 2 16 1 0
e-3-178 3 16 1 0
e-4-178 4 16 1 0
e-6-178 6 16 0 1
e-7-178 7 16 0 1
e-10-178 10 16 0 1
e-40-178 40 16 0 1
e-42-178 42 16 0 1
e-49-178 49 16 0 1
e-50-178 50 16 0 1
e-70-178 70 16 0 1
e-78-178 78 16 0 1
e-82-178 82 16 1 2
e-83-178 83 16 1 2
e-84-178 84 16 1 2
e-85-178 85 16 1 2
e-89-178 89 16 1 2
e-0-5 0 17 1 0
e-2-5 2 17 1 0
e-3-5 3 17 1 0
e-4-5 4 17 1 0
e-6-5 6 17 0 1
e-7-5 7 17 0 1
e-10-5 10 17 0 1
e-40-5 40 17 0 1
e-42-5 42 17 0 1
e-49-5 49 17 0 1
e-50-5 50 17 0 1
e-70-5 70 17 0 1
e-78-5 78 17 0 1
e-82-5 82 17 1 2
e-83-5 83 17 1 2
e-85-5 85 17 1 2
e-89-5 89 17 1 2
e-0-160 0 18 1 0
e-2-160 2 18 1 0
e-3-160 3 18 1 0
e-4-160 4 18 1 0
e-6-160 6 18 0 1
e-7-160 7 18 0 1
e-10-160 10 18 0 1
e-40-160 40 18 0 1
e-42-160 42 18 0 1
e-48-160 48 18 0 1
e-53-160 53 18 0 1
e-76-160 76 18 0 1
e-78-160 78 18 0 1
e-82-160 82 18 1 2
e-83-160 83 18 1 2
e-84-160 84 18 1 2
e-85-160 85 18 1 2
e-89-160 89 18 1 2
e-0-57 0 19 1 0
e-2-57 2 19 1 0
e-3-57 3 19 1 0
e-4-57 4 19 1 0
e-6-57 6 19 0 1
e-7-57 7 19 0 1
e-10-57 10 19 0 1
e-40-57 40 19 0 1
e-42-57 42 19 0 1
e-48-57 48 19 0 1
e-53-57 53 19 0 1
e-76-57 76 19 0 1
e-78-57 78 19 0 1
e-82-57 82 19 1 2
e-83-57 83 19 1 2
e-85-57 85 19 1 2
e-89-57 89 19 1 2
e-0-54 0 20 1 0
e-2-54 2 20 1 0
e-3-54 3 20 1 0
e-4-54 4 20 1 0
e-6-54 6 20 0 1
e-7-54 7 20 0 1
e-10-54 10 20 0 1
e-40-54 40 20 0 1
e-42-54 42 20 0 1
e-48-54 48 20 0 1
e-53-54 53 20 0 1
e-76-54 76 20 0 1
e-78-54 78 20 0 1
e-82-54 82 20 1 2
e-83-54 83 20 1 2
e-85-54 85 20 1 2
e-89-54 89 20 1 2
e-0-106 0 21 1 0
e-2-106 2 21 1 0
e-3-106 3 21 1 0
e-4-106 4 21 1 0
e-6-106 6 21 0 1
e-7-106 7 21 0 1
e-10-106 10 21 0 1
e-40-106 40 21 0 1
e-42-106 42 21 0 1
e-48-106 48 21 0 1
e-53-106 53 21 0 1
e-76-106 76 21 0 1
e-78-106 78 21 0 1
e-83-106 83 21 1 2
e-85-106 85 21 1 2
e-89-106 89 21 1 2
e-0-6 0 22 1 0
e-2-6 2 22 1 0
e-3-6 3 22 1 0
e-4-6 4 22 1 0
e-6-6 6 22 0 1
e-7-6 7 22 0 1
e-10-6 10 22 0 1
e-40-6 40 22 0 1
e-42-6 42 22 0 1
e-48-6 48 22 0 1
e-53-6 53 22 0 1
e-76-6 76 22 0 1
e-78-6 78 22 0 1
e-82-6 82 22 1 2
e-83-6 83 22 1 2
e-85-6 85 22 1 2
e-89-6 89 22 1 2
e-0-176 0 23 1 0
e-2-176 2 23 1 0
e-3-176 3 23 1 0
e-4-176 4 23 1 0
e-6-176 6 23 0 1
e-7-176 7 23 0 1
e-10-176 10 23 0 1
e-40-176 40 23 0 1
e-42-176 42 23 0 1
e-48-176 48 23 0 1
e-53-176 53 23 0 1
e-70-176 70 23 0 1
e-78-176 78 23 0 1
e-82-176 82 23 1 2
e-83-176 83 23 1 2
e-85-176 85 23 1 2
e-89-176 89 23 1 2
e-0-81 0 24 1 0
e-2-81 2 24 1 0
e-3-81 3 24 1 0
e-4-81 4 24 1 0
e-6-81 6 24 0 1
e-7-81 7 24 0 1
e-10-81 10 24 0 1
e-40-81 40 24 0 1
e-42-81 42 24 0 1
e-48-81 48 24 0 1
e-53-81 53 24 0 1
e-70-81 70 24 0 1
e-78-81 78 24 0 1
e-82-81 82 24 1 2
e-83-81 83 24 1 2
e-84-81 84 24 1 2
e-85-81 85 24 1 2
e-89-81 89 24 1 2
e-0-174 0 25 1 0
e-2-174 2 25 1 0
e-3-174 3 25 1 0
e-4-174 4 25 1 0
e-6-174 6 25 0 1
e-7-174 7 25 0 1
e-10-174 10 25 0 1
e-40-174 40 25 0 1
e-42-174 42 25 0 1
e-48-174 48 25 0 1
e-53-174 53 25 0 1
e-70-174 70 25 0 1
e-78-174 78 25 0 1
e-82-174 82 25 1 2
e-83-174 83 25 1 2
e-84-174 84 25 1 2
e-85-174 85 25 1 2
e-89-174 89 25 1 2
e-0-93 0 26 1 0
e-2-93 2 26 1 0
e-3-93 3 26 1 0
e-4-93 4 26 1 0
e-6-93 6 26 0 1
e-7-93 7 26 0 1
e-10-93 10 26 0 1
e-40-93 40 26 0 1
e-42-93 42 26 0 1
e-48-93 48 26 0 1
e-53-93 53 26 0 1
e-65-93 65 26 0 1
e-78-93 78 26 0 1
e-82-93 82 26 1 2
e-83-93 83 26 1 2
e-84-93 84 26 1 2
e-85-93 85 26 1 2
e-89-93 89 26 1 2
e-0-33 0 27 1 0
e-2-33 2 27 1 0
e-3-33 3 27 1 0
e-4-33 4 27 1 0
e-6-33 6 27 0 1
e-7-33 7 27 0 1
e-10-33 10 27 0 1
e-40-33 40 27 0 1
e-42-33 42 27 0 1
e-48-33 48 27 0 1
e-53-33 53 27 0 1
e-59-33 59 27 0 1
e-78-33 78 27 0 1
e-82-33 82 27 1 2
e-83-33 83 27 1 2
e-85-33 85 27 1 2
e-89-33 89 27 1 2
e-0-30 0 28 1 0
e-2-30 2 28 1 0
e-3-30 3 28 1 0
e-4-30 4 28 1 0
e-6-30 6 28 0 1
e-7-30 7 28 0 1
e-10-30 10 28 0 1
e-40-30 40 28 0 1
e-42-30 42 28 0 1
e-48-30 48 28 0 1
e-53-30 53 28 0 1
e-59-30 59 28 0 1
e-78-30 78 28 0 1
e-82-30 82 28 1 2
e-83-30 83 28 1 2
e-85-30 85 28 1 2
e-89-30 89 28 1 2
e-0-25 0 29 1 0
e-2-25 2 29 1 0
e-3-25 3 29 1 0
e-4-25 4 29 1 0
e-6-25 6 29 0 1
e-7-25 7 29 0 1
e-10-25 10 29 0 1
e-40-25 40 29 0 1
e-42-25 42 29 0 1
e-48-25 48 29 0 1
e-53-25 53 29 0 1
e-59-25 59 29 0 1
e-78-25 78 29 0 1
e-82-25 82 29 1 2
e-83-25 83 29 1 2
e-85-25 85 29 1 2
e-89-25 89 29 1 2
e-0-175 0 30 1 0
e-2-175 2 30 1 0
e-3-175 3 30 1 0
e-4-175 4 30 1 0
e-6-175 6 30 0 1
e-7-175 7 30 0 1
e-10-175 10 30 0 1
e-40-175 40 30 0 1
e-42-175 42 30 0 1
e-48-175 48 30 0 1
e-52-175 52 30 0 1
e-74-175 74 30 0 1
e-77-175 77 30 0 1
e-82-175 82 30 1 2
e-83-175 83 30 1 2
e-85-175 85 30 1 2
e-89-175 89 30 1 2
e-0-112 0 31 1 0
e-2-112 2 31 1 0
e-3-112 3 31 1 0
e-4-112 4 31 1 0
e-6-112 6 31 0 1
e-7-112 7 31 0 1
e-10-112 10 31 0 1
e-40-112 40 31 0 1
e-42-112 42 31 0 1
e-48-112 48 31 0 1
e-52-112 52 31 0 1
e-74-112 74 31 0 1
e-77-112 77 31 0 1
e-82-112 82 31 1 2
e-83-112 83 31 1 2
e-85-112 85 31 1 2
e-89-112 89 31 1 2
e-0-121 0 32 1 0
e-2-121 2 32 1 0
e-3-121 3 32 1 0
e-4-121 4 32 1 0
e-6-121 6 32 0 1
e-7-121 7 32 0 1
e-10-121 10 32 0 1
e-40-121 40 32 0 1
e-42-121 42 32 0 1
e-48-121 48 32 0 1
e-52-121 52 32 0 1
e-74-121 74 32 0 1
e-77-121 77 32 0 1
e-82-121 82 32 1 2
e-83-121 83 32 1 2
e-85-121 85 32 1 2
e-89-121 89 32 1 2
e-0-3 0 33 1 0
e-2-3 2 33 1 0
e-3-3 3 33 1 0
e-4-3 4 33 1 0
e-6-3 6 33 0 1
e-7-3 7 33 0 1
e-10-3 10 33 0 1
e-40-3 40 33 0 1
e-42-3 42 33 0 1
e-48-3 48 33 0 1
e-52-3 52 33 0 1
e-69-3 69 33 0 1
e-78-3 78 33 0 1
e-82-3 82 33 1 2
e-83-3 83 33 1 2
e-85-3 85 33 1 2
e-89-3 89 33 1 2
e-0-156 0 34 1 0
e-2-156 2 34 1 0
e-3-156 3 34 1 0
e-4-156 4 34 1 0
e-6-156 6 34 0 1
e-7-156 7 34 0 1
e-10-156 10 34 0 1
e-40-156 40 34 0 1
e-42-156 42 34 0 1
e-48-156 48 34 0 1
e-52-156 52 34 0 1
e-69-156 69 34 0 1
e-78-156 78 34 0 1
e-82-156 82 34 1 2
e-83-156 83 34 1 2
e-85-156 85 34 1 2
e-89-156 89 34 1 2
e-0-92 0 35 1 0
e-2-92 2 35 1 0
e-3-92 3 35 1 0
e-4-92 4 35 1 0
e-6-92 6 35 0 1
e-7-92 7 35 0 1
e-10-92 10 35 0 1
e-40-92 40 35 0 1
e-42-92 42 35 0 1
e-48-92 48 35 0 1
e-52-92 52 35 0 1
e-64-92 64 35 0 1
e-78-92 78 35 0 1
e-82-92 82 35 1 2
e-83-92 83 35 1 2
e-85-92 85 35 1 2
e-89-92 89 35 1 2
e-0-134 0 36 1 0
e-2-134 2 36 1 0
e-3-134 3 36 1 0
e-4-134 4 36 1 0
e-6-134 6 36 0 1
e-7-134 7 36 0 1
e-10-134 10 36 0 1
e-40-134 40 36 0 1
e-42-134 42 36 0 1
e-48-134 48 36 0 1
e-52-134 52 36 0 1
e-64-134 64 36 0 1
e-78-134 78 36 0 1
e-82-134 82 36 1 2
e-83-134 83 36 1 2
e-85-134 85 36 1 2
e-89-134 89 36 1 2
e-0-89 0 37 1 0
e-2-89 2 37 1 0
e-3-89 3 37 1 0
e-4-89 4 37 1 0
e-6-89 6 37 0 1
e-7-89 7 37 0 1
e-10-89 10 37 0 1
e-40-89 40 37 0 1
e-42-89 42 37 0 1
e-48-89 48 37 0 1
e-52-89 52 37 0 1
e-56-89 56 37 0 1
e-78-89 78 37 0 1
e-82-89 82 37 1 2
e-83-89 83 37 1 2
e-85-89 85 37 1 2
e-89-89 89 37 1 2
e-0-190 0 38 1 0
e-2-190 2 38 1 0
e-3-190 3 38 1 0
e-4-190 4 38 1 0
e-6-190 6 38 0 1
e-7-190 7 38 0 1
e-10-190 10 38 0 1
e-40-190 40 38 0 1
e-42-190 42 38 0 1
e-48-190 48 38 0 1
e-50-190 50 38 0 1
e-73-190 73 38 0 1
e-78-190 78 38 0 1
e-82-190 82 38 1 2
e-83-190 83 38 1 2
e-85-190 85 38 1 2
e-89-190 89 38 1 2
e-0-124 0 39 1 0
e-2-124 2 39 1 0
e-3-124 3 39 1 0
e-4-124 4 39 1 0
e-6-124 6 39 0 1
e-7-124 7 39 0 1
e-10-124 10 39 0 1
e-40-124 40 39 0 1
e-42-124 42 39 0 1
e-48-124 48 39 0 1
e-50-124 50 39 0 1
e-73-124 73 39 0 1
e-78-124 78 39 0 1
e-82-124 82 39 1 2
e-83-124 83 39 1 2
e-85-124 85 39 1 2
e-89-124 89 39 1 2
e-0-87 0 40 1 0
e-2-87 2 40 1 0
e-3-87 3 40 1 0
e-4-87 4 40 1 0
e-6-87 6 40 0 1
e-7-87 7 40 0 1
e-10-87 10 40 0 1
e-40-87 40 40 0 1
e-42-87 42 40 0 1
e-48-87 48 40 0 1
e-50-87 50 40 0 1
e-73-87 73 40 0 1
e-78-87 78 40 0 1
e-82-87 82 40 1 2
e-83-87 83 40 1 2
e-85-87 85 40 1 2
e-89-87 89 40 1 2
e-0-107 0 41 1 0
e-2-107 2 41 1 0
e-3-107 3 41 1 0
e-4-107 4 41 1 0
e-6-107 6 41 0 1
e-7-107 7 41 0 1
e-10-107 10 41 0 1
e-40-107 40 41 0 1
e-42-107 42 41 0 1
e-48-107 48 41 0 1
e-50-107 50 41 0 1
e-73-107 73 41 0 1
e-78-107 78 41 0 1
e-82-107 82 41 1 2
e-83-107 83 41 1 2
e-84-107 84 41 1 2
e-85-107 85 41 1 2
e-89-107 89 41 1 2
e-0-52 0 42 1 0
e-2-52 2 42 1 0
e-3-52 3 42 1 0
e-4-52 4 42 1 0
e-6-52 6 42 0 1
e-7-52 7 42 0 1
e-10-52 10 42 0 1
e-40-52 40 42 0 1
e-42-52 42 42 0 1
e-48-52 48 42 0 1
e-50-52 50 42 0 1
e-73-52 73 42 0 1
e-78-52 78 42 0 1
e-82-52 82 42 1 2
e-83-52 83 42 1 2
e-85-52 85 42 1 2
e-89-52 89 42 1 2
e-0-101 0 43 1 0
e-2-101 2 43 1 0
e-3-101 3 43 1 0
e-4-101 4 43 1 0
e-6-101 6 43 0 1
e-7-101 7 43 0 1
e-10-101 10 43 0 1
e-40-101 40 43 0 1
e-42-101 42 43 0 1
e-48-101 48 43 0 1
e-50-101 50 43 0 1
e-66-101 66 43 0 1
e-78-101 78 43 0 1
e-82-101 82 43 1 2
e-83-101 83 43 1 2
e-85-101 85 43 1 2
e-89-101 89 43 1 2
e-0-185 0 44 1 0
e-2-185 2 44 1 0
e-3-185 3 44 1 0
e-4-185 4 44 1 0
e-6-185 6 44 0 1
e-7-185 7 44 0 1
e-10-185 10 44 0 1
e-40-185 40 44 0 1
e-42-185 42 44 0 1
e-48-185 48 44 0 1
e-50-185 50 44 0 1
e-58-185 58 44 0 1
e-78-185 78 44 0 1
e-82-185 82 44 1 2
e-83-185 83 44 1 2
e-85-185 85 44 1 2
e-89-185 89 44 1 2
e-0-96 0 45 1 0
e-2-96 2 45 1 0
e-3-96 3 45 1 0
e-4-96 4 45 1 0
e-6-96 6 45 0 1
e-7-96 7 45 0 1
e-10-96 10 45 0 1
e-40-96 40 45 0 1
e-42-96 42 45 0 1
e-48-96 48 45 0 1
e-50-96 50 45 0 1
e-58-96 58 45 0 1
e-78-96 78 45 0 1
e-82-96 82 45 1 2
e-83-96 83 45 1 2
e-85-96 85 45 1 2
e-89-96 89 45 1 2
e-0-161 0 46 1 0
e-2-161 2 46 1 0
e-3-161 3 46 1 0
e-4-161 4 46 1 0
e-6-161 6 46 0 1
e-7-161 7 46 0 1
e-10-161 10 46 0 1
e-40-161 40 46 0 1
e-42-161 42 46 0 1
e-48-161 48 46 0 1
e-50-161 50 46 0 1
e-58-161 58 46 0 1
e-78-161 78 46 0 1
e-82-161 82 46 1 2
e-83-161 83 46 1 2
e-84-161 84 46 1 2
e-85-161 85 46 1 2
e-89-161 89 46 1 2
e-0-95 0 47 1 0
e-2-95 2 47 1 0
e-3-95 3 47 1 0
e-4-95 4 47 1 0
e-6-95 6 47 0 1
e-7-95 7 47 0 1
e-10-95 10 47 0 1
e-40-95 40 47 0 1
e-41-95 41 47 0 1
e-49-95 49 47 0 1
e-52-95 52 47 0 1
e-73-95 73 47 0 1
e-78-95 78 47 0 1
e-82-95 82 47 1 2
e-83-95 83 47 1 2
e-85-95 85 47 1 2
e-89-95 89 47 1 2
e-0-111 0 48 1 0
e-2-111 2 48 1 0
e-3-111 3 48 1 0
e-4-111 4 48 1 0
e-6-111 6 48 0 1
e-7-111 7 48 0 1
e-10-111 10 48 0 1
e-40-111 40 48 0 1
e-41-111 41 48 0 1
e-49-111 49 48 0 1
e-52-111 52 48 0 1
e-73-111 73 48 0 1
e-77-111 77 48 0 1
e-82-111 82 48 1 2
e-83-111 83 48 1 2
e-85-111 85 48 1 2
e-89-111 89 48 1 2
e-0-67 0 49 1 0
e-2-67 2 49 1 0
e-3-67 3 49 1 0
e-4-67 4 49 1 0
e-6-67 6 49 0 1
e-7-67 7 49 0 1
e-10-67 10 49 0 1
e-39-67 39 49 0 1
e-44-67 44 49 0 1
e-48-67 48 49 0 1
e-53-67 53 49 0 1
e-68-67 68 49 0 1
e-78-67 78 49 0 1
e-82-67 82 49 1 2
e-83-67 83 49 1 2
e-85-67 85 49 1 2
e-89-67 89 49 1 2
e-0-72 0 50 1 0
e-2-72 2 50 1 0
e-3-72 3 50 1 0
e-4-72 4 50 1 0
e-6-72 6 50 0 1
e-7-72 7 50 0 1
e-10-72 10 50 0 1
e-39-72 39 50 0 1
e-44-72 44 50 0 1
e-48-72 48 50 0 1
e-53-72 53 50 0 1
e-66-72 66 50 0 1
e-78-72 78 50 0 1
e-82-72 82 50 1 2
e-83-72 83 50 1 2
e-85-72 85 50 1 2
e-89-72 89 50 1 2
e-0-65 0 51 1 0
e-2-65 2 51 1 0
e-3-65 3 51 1 0
e-4-65 4 51 1 0
e-6-65 6 51 0 1
e-7-65 7 51 0 1
e-10-65 10 51 0 1
e-39-65 39 51 0 1
e-44-65 44 51 0 1
e-48-65 48 51 0 1
e-53-65 53 51 0 1
e-65-65 65 51 0 1
e-78-65 78 51 0 1
e-82-65 82 51 1 2
e-83-65 83 51 1 2
e-85-65 85 51 1 2
e-89-65 89 51 1 2
e-0-169 0 52 1 0
e-2-169 2 52 1 0
e-3-169 3 52 1 0
e-4-169 4 52 1 0
e-6-169 6 52 0 1
e-7-169 7 52 0 1
e-10-169 10 52 0 1
e-38-169 38 52 0 1
e-45-169 45 52 0 1
e-48-169 48 52 0 1
e-53-169 53 52 0 1
e-63-169 63 52 0 1
e-78-169 78 52 0 1
e-82-169 82 52 1 2
e-83-169 83 52 1 2
e-85-169 85 52 1 2
e-89-169 89 52 1 2
e-0-144 0 53 1 0
e-2-144 2 53 1 0
e-3-144 3 53 1 0
e-4-144 4 53 1 0
e-6-144 6 53 0 1
e-7-144 7 53 0 1
e-10-144 10 53 0 1
e-38-144 38 53 0 1
e-45-144 45 53 0 1
e-48-144 48 53 0 1
e-53-144 53 53 0 1
e-61-144 61 53 0 1
e-78-144 78 53 0 1
e-82-144 82 53 1 2
e-83-144 83 53 1 2
e-85-144 85 53 1 2
e-89-144 89 53 1 2
e-0-11 0 54 1 0
e-2-11 2 54 1 0
e-3-11 3 54 1 0
e-4-11 4 54 1 0
e-6-11 6 54 0 1
e-7-11 7 54 0 1
e-10-11 10 54 0 1
e-38-11 38 54 0 1
e-45-11 45 54 0 1
e-48-11 48 54 0 1
e-53-11 53 54 0 1
e-61-11 61 54 0 1
e-78-11 78 54 0 1
e-82-11 82 54 1 2
e-83-11 83 54 1 2
e-84-11 84 54 1 2
e-85-11 85 54 1 2
e-89-11 89 54 1 2
e-0-171 0 55 1 0
e-2-171 2 55 1 0
e-3-171 3 55 1 0
e-4-171 4 55 1 0
e-6-171 6 55 0 1
e-7-171 7 55 0 1
e-10-171 10 55 0 1
e-38-171 38 55 0 1
e-45-171 45 55 0 1
e-48-171 48 55 0 1
e-53-171 53 55 0 1
e-61-171 61 55 0 1
e-78-171 78 55 0 1
e-82-171 82 55 1 2
e-83-171 83 55 1 2
e-85-171 85 55 1 2
e-89-171 89 55 1 2
e-0-99 0 56 1 0
e-2-99 2 56 1 0
e-3-99 3 56 1 0
e-4-99 4 56 1 0
e-6-99 6 56 0 1
e-7-99 7 56 0 1
e-10-99 10 56 0 1
e-38-99 38 56 0 1
e-45-99 45 56 0 1
e-48-99 48 56 0 1
e-53-99 53 56 0 1
e-57-99 57 56 0 1
e-79-99 79 56 0 1
e-82-99 82 56 1 2
e-83-99 83 56 1 2
e-85-99 85 56 1 2
e-89-99 89 56 1 2
e-0-21 0 57 1 0
e-2-21 2 57 1 0
e-3-21 3 57 1 0
e-4-21 4 57 1 0
e-6-21 6 57 0 1
e-7-21 7 57 0 1
e-10-21 10 57 0 1
e-37-21 37 57 0 1
e-44-21 44 57 0 1
e-49-21 49 57 0 1
e-52-21 52 57 0 1
e-75-21 75 57 0 1
e-78-21 78 57 0 1
e-82-21 82 57 1 2
e-83-21 83 57 1 2
e-85-21 85 57 1 2
e-89-21 89 57 1 2
e-0-182 0 58 1 0
e-2-182 2 58 1 0
e-3-182 3 58 1 0
e-4-182 4 58 1 0
e-6-182 6 58 0 1
e-7-182 7 58 0 1
e-10-182 10 58 0 1
e-37-182 37 58 0 1
e-44-182 44 58 0 1
e-49-182 49 58 0 1
e-52-182 52 58 0 1
e-74-182 74 58 0 1
e-78-182 78 58 0 1
e-82-182 82 58 1 2
e-83-182 83 58 1 2
e-85-182 85 58 1 2
e-89-182 89 58 1 2
e-0-117 0 59 1 0
e-2-117 2 59 1 0
e-3-117 3 59 1 0
e-4-117 4 59 1 0
e-6-117 6 59 0 1
e-7-117 7 59 0 1
e-10-117 10 59 0 1
e-37-117 37 59 0 1
e-44-117 44 59 0 1
e-49-117 49 59 0 1
e-52-117 52 59 0 1
e-71-117 71 59 0 1
e-78-117 78 59 0 1
e-82-117 82 59 1 2
e-83-117 83 59 1 2
e-85-117 85 59 1 2
e-89-117 89 59 1 2
e-0-196 0 60 1 0
e-2-196 2 60 1 0
e-3-196 3 60 1 0
e-4-196 4 60 1 0
e-6-196 6 60 0 1
e-7-196 7 60 0 1
e-10-196 10 60 0 1
e-37-196 37 60 0 1
e-44-196 44 60 0 1
e-49-196 49 60 0 1
e-52-196 52 60 0 1
e-71-196 71 60 0 1
e-78-196 78 60 0 1
e-82-196 82 60 1 2
e-83-196 83 60 1 2
e-85-196 85 60 1 2
e-89-196 89 60 1 2
e-0-103 0 61 1 0
e-2-103 2 61 1 0
e-3-103 3 61 1 0
e-4-103 4 61 1 0
e-6-103 6 61 0 1
e-7-103 7 61 0 1
e-10-103 10 61 0 1
e-36-103 36 61 0 1
e-44-103 44 61 0 1
e-48-103 48 61 0 1
e-53-103 53 61 0 1
e-63-103 63 61 0 1
e-78-103 78 61 0 1
e-82-103 82 61 1 2
e-83-103 83 61 1 2
e-85-103 85 61 1 2
e-89-103 89 61 1 2
e-0-12 0 62 1 0
e-2-12 2 62 1 0
e-3-12 3 62 1 0
e-4-12 4 62 1 0
e-6-12 6 62 0 1
e-7-12 7 62 0 1
e-10-12 10 62 0 1
e-36-12 36 62 0 1
e-44-12 44 62 0 1
e-48-12 48 62 0 1
e-53-12 53 62 0 1
e-59-12 59 62 0 1
e-78-12 78 62 0 1
e-82-12 82 62 1 2
e-83-12 83 62 1 2
e-85-12 85 62 1 2
e-89-12 89 62 1 2
e-0-76 0 63 1 0
e-2-76 2 63 1 0
e-3-76 3 63 1 0
e-4-76 4 63 1 0
e-6-76 6 63 0 1
e-7-76 7 63 0 1
e-10-76 10 63 0 1
e-36-76 36 63 0 1
e-44-76 44 63 0 1
e-48-76 48 63 0 1
e-52-76 52 63 0 1
e-76-76 76 63 0 1
e-78-76 78 63 0 1
e-82-76 82 63 1 2
e-83-76 83 63 1 2
e-85-76 85 63 1 2
e-89-76 89 63 1 2
e-0-131 0 64 1 0
e-2-131 2 64 1 0
e-3-131 3 64 1 0
e-4-131 4 64 1 0
e-6-131 6 64 0 1
e-7-131 7 64 0 1
e-10-131 10 64 0 1
e-35-131 35 64 0 1
e-42-131 42 64 0 1
e-48-131 48 64 0 1
e-53-131 53 64 0 1
e-67-131 67 64 0 1
e-78-131 78 64 0 1
e-82-131 82 64 1 2
e-83-131 83 64 1 2
e-85-131 85 64 1 2
e-89-131 89 64 1 2
e-0-83 0 65 1 0
e-2-83 2 65 1 0
e-3-83 3 65 1 0
e-4-83 4 65 1 0
e-6-83 6 65 0 1
e-7-83 7 65 0 1
e-10-83 10 65 0 1
e-35-83 35 65 0 1
e-42-83 42 65 0 1
e-48-83 48 65 0 1
e-53-83 53 65 0 1
e-67-83 67 65 0 1
e-78-83 78 65 0 1
e-82-83 82 65 1 2
e-83-83 83 65 1 2
e-85-83 85 65 1 2
e-89-83 89 65 1 2
e-0-102 0 66 1 0
e-2-102 2 66 1 0
e-3-102 3 66 1 0
e-4-102 4 66 1 0
e-6-102 6 66 0 1
e-7-102 7 66 0 1
e-10-102 10 66 0 1
e-35-102 35 66 0 1
e-42-102 42 66 0 1
e-48-102 48 66 0 1
e-53-102 53 66 0 1
e-67-102 67 66 0 1
e-78-102 78 66 0 1
e-82-102 82 66 1 2
e-83-102 83 66 1 2
e-85-102 85 66 1 2
e-89-102 89 66 1 2
e-0-75 0 67 1 0
e-2-75 2 67 1 0
e-3-75 3 67 1 0
e-4-75 4 67 1 0
e-6-75 6 67 0 1
e-7-75 7 67 0 1
e-10-75 10 67 0 1
e-35-75 35 67 0 1
e-42-75 42 67 0 1
e-48-75 48 67 0 1
e-53-75 53 67 0 1
e-66-75 66 67 0 1
e-78-75 78 67 0 1
e-82-75 82 67 1 2
e-83-75 83 67 1 2
e-85-75 85 67 1 2
e-89-75 89 67 1 2
e-0-129 0 68 1 0
e-2-129 2 68 1 0
e-3-129 3 68 1 0
e-4-129 4 68 1 0
e-6-129 6 68 0 1
e-7-129 7 68 0 1
e-10-129 10 68 0 1
e-35-129 35 68 0 1
e-42-129 42 68 0 1
e-48-129 48 68 0 1
e-53-129 53 68 0 1
e-66-129 66 68 0 1
e-78-129 78 68 0 1
e-82-129 82 68 1 2
e-83-129 83 68 1 2
e-85-129 85 68 1 2
e-89-129 89 68 1 2
e-0-164 0 69 1 0
e-2-164 2 69 1 0
e-3-164 3 69 1 0
e-4-164 4 69 1 0
e-6-164 6 69 0 1
e-7-164 7 69 0 1
e-10-164 10 69 0 1
e-34-164 34 69 0 1
e-44-164 44 69 0 1
e-48-164 48 69 0 1
e-52-164 52 69 0 1
e-73-164 73 69 0 1
e-78-164 78 69 0 1
e-82-164 82 69 1 2
e-83-164 83 69 1 2
e-85-164 85 69 1 2
e-89-164 89 69 1 2
e-0-40 0 70 1 0
e-2-40 2 70 1 0
e-3-40 3 70 1 0
e-4-40 4 70 1 0
e-6-40 6 70 0 1
e-7-40 7 70 0 1
e-10-40 10 70 0 1
e-34-40 34 70 0 1
e-44-40 44 70 0 1
e-48-40 48 70 0 1
e-52-40 52 70 0 1
e-72-40 72 70 0 1
e-78-40 78 70 0 1
e-82-40 82 70 1 2
e-83-40 83 70 1 2
e-85-40 85 70 1 2
e-89-40 89 70 1 2
e-0-104 0 71 1 0
e-2-104 2 71 1 0
e-3-104 3 71 1 0
e-4-104 4 71 1 0
e-6-104 6 71 0 1
e-7-104 7 71 0 1
e-10-104 10 71 0 1
e-34-104 34 71 0 1
e-44-104 44 71 0 1
e-48-104 48 71 0 1
e-52-104 52 71 0 1
e-72-104 72 71 0 1
e-78-104 78 71 0 1
e-82-104 82 71 1 2
e-83-104 83 71 1 2
e-85-104 85 71 1 2
e-89-104 89 71 1 2
e-0-55 0 72 1 0
e-2-55 2 72 1 0
e-3-55 3 72 1 0
e-4-55 4 72 1 0
e-6-55 6 72 0 1
e-7-55 7 72 0 1
e-10-55 10 72 0 1
e-34-55 34 72 0 1
e-44-55 44 72 0 1
e-48-55 48 72 0 1
e-52-55 52 72 0 1
e-72-55 72 72 0 1
e-78-55 78 72 0 1
e-82-55 82 72 1 2
e-83-55 83 72 1 2
e-85-55 85 72 1 2
e-89-55 89 72 1 2
e-0-34 0 73 1 0
e-2-34 2 73 1 0
e-3-34 3 73 1 0
e-4-34 4 73 1 0
e-6-34 6 73 0 1
e-7-34 7 73 0 1
e-10-34 10 73 0 1
e-34-34 34 73 0 1
e-44-34 44 73 0 1
e-48-34 48 73 0 1
e-52-34 52 73 0 1
e-72-34 72 73 0 1
e-78-34 78 73 0 1
e-82-34 82 73 1 2
e-83-34 83 73 1 2
e-85-34 85 73 1 2
e-89-34 89 73 1 2
e-0-16 0 74 1 0
e-2-16 2 74 1 0
e-3-16 3 74 1 0
e-4-16 4 74 1 0
e-6-16 6 74 0 1
e-7-16 7 74 0 1
e-10-16 10 74 0 1
e-33-16 33 74 0 1
e-42-16 42 74 0 1
e-49-16 49 74 0 1
e-52-16 52 74 0 1
e-71-16 71 74 0 1
e-78-16 78 74 0 1
e-82-16 82 74 1 2
e-83-16 83 74 1 2
e-85-16 85 74 1 2
e-89-16 89 74 1 2
e-0-183 0 75 1 0
e-2-183 2 75 1 0
e-3-183 3 75 1 0
e-4-183 4 75 1 0
e-6-183 6 75 0 1
e-7-183 7 75 0 1
e-10-183 10 75 0 1
e-33-183 33 75 0 1
e-42-183 42 75 0 1
e-49-183 49 75 0 1
e-52-183 52 75 0 1
e-71-183 71 75 0 1
e-78-183 78 75 0 1
e-82-183 82 75 1 2
e-83-183 83 75 1 2
e-85-183 85 75 1 2
e-89-183 89 75 1 2
e-0-167 0 76 1 0
e-2-167 2 76 1 0
e-3-167 3 76 1 0
e-4-167 4 76 1 0
e-6-167 6 76 0 1
e-7-167 7 76 0 1
e-10-167 10 76 0 1
e-33-167 33 76 0 1
e-42-167 42 76 0 1
e-49-167 49 76 0 1
e-52-167 52 76 0 1
e-66-167 66 76 0 1
e-78-167 78 76 0 1
e-82-167 82 76 1 2
e-83-167 83 76 1 2
e-85-167 85 76 1 2
e-89-167 89 76 1 2
e-0-126 0 77 1 0
e-2-126 2 77 1 0
e-3-126 3 77 1 0
e-4-126 4 77 1 0
e-6-126 6 77 0 1
e-7-126 7 77 0 1
e-10-126 10 77 0 1
e-33-126 33 77 0 1
e-42-126 42 77 0 1
e-49-126 49 77 0 1
e-52-126 52 77 0 1
e-65-126 65 77 0 1
e-78-126 78 77 0 1
e-82-126 82 77 1 2
e-83-126 83 77 1 2
e-85-126 85 77 1 2
e-89-126 89 77 1 2
e-0-132 0 78 1 0
e-2-132 2 78 1 0
e-3-132 3 78 1 0
e-4-132 4 78 1 0
e-6-132 6 78 0 1
e-7-132 7 78 0 1
e-10-132 10 78 0 1
e-33-132 33 78 0 1
e-42-132 42 78 0 1
e-49-132 49 78 0 1
e-52-132 52 78 0 1
e-62-132 62 78 0 1
e-78-132 78 78 0 1
e-82-132 82 78 1 2
e-83-132 83 78 1 2
e-85-132 85 78 1 2
e-89-132 89 78 1 2
e-0-2 0 79 1 0
e-2-2 2 79 1 0
e-3-2 3 79 1 0
e-4-2 4 79 1 0
e-6-2 6 79 0 1
e-7-2 7 79 0 1
e-10-2 10 79 0 1
e-32-2 32 79 0 1
e-44-2 44 79 0 1
e-48-2 48 79 0 1
e-52-2 52 79 0 1
e-58-2 58 79 0 1
e-78-2 78 79 0 1
e-82-2 82 79 1 2
e-83-2 83 79 1 2
e-84-2 84 79 1 2
e-85-2 85 79 1 2
e-89-2 89 79 1 2
e-0-41 0 80 1 0
e-2-41 2 80 1 0
e-3-41 3 80 1 0
e-4-41 4 80 1 0
e-6-41 6 80 0 1
e-7-41 7 80 0 1
e-10-41 10 80 0 1
e-32-41 32 80 0 1
e-44-41 44 80 0 1
e-48-41 48 80 0 1
e-52-41 52 80 0 1
e-58-41 58 80 0 1
e-78-41 78 80 0 1
e-82-41 82 80 1 2
e-83-41 83 80 1 2
e-85-41 85 80 1 2
e-89-41 89 80 1 2
e-0-27 0 81 1 0
e-2-27 2 81 1 0
e-3-27 3 81 1 0
e-4-27 4 81 1 0
e-6-27 6 81 0 1
e-7-27 7 81 0 1
e-10-27 10 81 0 1
e-32-27 32 81 0 1
e-44-27 44 81 0 1
e-48-27 48 81 0 1
e-52-27 52 81 0 1
e-57-27 57 81 0 1
e-78-27 78 81 0 1
e-82-27 82 81 1 2
e-83-27 83 81 1 2
e-85-27 85 81 1 2
e-89-27 89 81 1 2
e-0-187 0 82 1 0
e-2-187 2 82 1 0
e-3-187 3 82 1 0
e-4-187 4 82 1 0
e-6-187 6 82 0 1
e-7-187 7 82 0 1
e-10-187 10 82 0 1
e-32-187 32 82 0 1
e-44-187 44 82 0 1
e-48-187 48 82 0 1
e-52-187 52 82 0 1
e-55-187 55 82 0 1
e-79-187 79 82 0 1
e-82-187 82 82 1 2
e-83-187 83 82 1 2
e-85-187 85 82 1 2
e-89-187 89 82 1 2
e-0-180 0 83 1 0
e-2-180 2 83 1 0
e-3-180 3 83 1 0
e-4-180 4 83 1 0
e-6-180 6 83 0 1
e-7-180 7 83 0 1
e-10-180 10 83 0 1
e-31-180 31 83 0 1
e-45-180 45 83 0 1
e-48-180 48 83 0 1
e-52-180 52 83 0 1
e-65-180 65 83 0 1
e-78-180 78 83 0 1
e-82-180 82 83 1 2
e-83-180 83 83 1 2
e-85-180 85 83 1 2
e-89-180 89 83 1 2
e-0-31 0 84 1 0
e-2-31 2 84 1 0
e-3-31 3 84 1 0
e-4-31 4 84 1 0
e-6-31 6 84 0 1
e-7-31 7 84 0 1
e-10-31 10 84 0 1
e-31-31 31 84 0 1
e-45-31 45 84 0 1
e-48-31 48 84 0 1
e-52-31 52 84 0 1
e-65-31 65 84 0 1
e-78-31 78 84 0 1
e-82-31 82 84 1 2
e-83-31 83 84 1 2
e-85-31 85 84 1 2
e-89-31 89 84 1 2
e-0-1 0 85 1 0
e-2-1 2 85 1 0
e-3-1 3 85 1 0
e-4-1 4 85 1 0
e-6-1 6 85 0 1
e-7-1 7 85 0 1
e-10-1 10 85 0 1
e-31-1 31 85 0 1
e-45-1 45 85 0 1
e-48-1 48 85 0 1
e-52-1 52 85 0 1
e-65-1 65 85 0 1
e-78-1 78 85 0 1
e-82-1 82 85 1 2
e-83-1 83 85 1 2
e-85-1 85 85 1 2
e-89-1 89 85 1 2
e-0-127 0 86 1 0
e-2-127 2 86 1 0
e-3-127 3 86 1 0
e-4-127 4 86 1 0
e-6-127 6 86 0 1
e-7-127 7 86 0 1
e-10-127 10 86 0 1
e-31-127 31 86 0 1
e-45-127 45 86 0 1
e-48-127 48 86 0 1
e-52-127 52 86 0 1
e-65-127 65 86 0 1
e-78-127 78 86 0 1
e-82-127 82 86 1 2
e-83-127 83 86 1 2
e-85-127 85 86 1 2
e-89-127 89 86 1 2
e-0-110 0 87 1 0
e-2-110 2 87 1 0
e-3-110 3 87 1 0
e-4-110 4 87 1 0
e-6-110 6 87 0 1
e-7-110 7 87 0 1
e-10-110 10 87 0 1
e-31-110 31 87 0 1
e-44-110 44 87 0 1
e-48-110 48 87 0 1
e-50-110 50 87 0 1
e-69-110 69 87 0 1
e-78-110 78 87 0 1
e-82-110 82 87 1 2
e-83-110 83 87 1 2
e-85-110 85 87 1 2
e-89-110 89 87 1 2
e-0-145 0 88 1 0
e-2-145 2 88 1 0
e-3-145 3 88 1 0
e-4-145 4 88 1 0
e-6-145 6 88 0 1
e-7-145 7 88 0 1
e-10-145 10 88 0 1
e-31-145 31 88 0 1
e-44-145 44 88 0 1
e-48-145 48 88 0 1
e-50-145 50 88 0 1
e-69-145 69 88 0 1
e-78-145 78 88 0 1
e-82-145 82 88 1 2
e-83-145 83 88 1 2
e-85-145 85 88 1 2
e-89-145 89 88 1 2
e-0-38 0 89 1 0
e-2-38 2 89 1 0
e-3-38 3 89 1 0
e-4-38 4 89 1 0
e-6-38 6 89 0 1
e-7-38 7 89 0 1
e-10-38 10 89 0 1
e-31-38 31 89 0 1
e-44-38 44 89 0 1
e-48-38 48 89 0 1
e-50-38 50 89 0 1
e-69-38 69 89 0 1
e-78-38 78 89 0 1
e-82-38 82 89 1 2
e-83-38 83 89 1 2
e-85-38 85 89 1 2
e-89-38 89 89 1 2
e-0-45 0 90 1 0
e-2-45 2 90 1 0
e-3-45 3 90 1 0
e-4-45 4 90 1 0
e-6-45 6 90 0 1
e-7-45 7 90 0 1
e-10-45 10 90 0 1
e-31-45 31 90 0 1
e-44-45 44 90 0 1
e-48-45 48 90 0 1
e-50-45 50 90 0 1
e-69-45 69 90 0 1
e-78-45 78 90 0 1
e-82-45 82 90 1 2
e-83-45 83 90 1 2
e-85-45 85 90 1 2
e-89-45 89 90 1 2
e-0-165 0 91 1 0
e-2-165 2 91 1 0
e-3-165 3 91 1 0
e-4-165 4 91 1 0
e-6-165 6 91 0 1
e-7-165 7 91 0 1
e-10-165 10 91 0 1
e-31-165 31 91 0 1
e-44-165 44 91 0 1
e-48-165 48 91 0 1
e-50-165 50 91 0 1
e-69-165 69 91 0 1
e-78-165 78 91 0 1
e-82-165 82 91 1 2
e-83-165 83 91 1 2
e-85-165 85 91 1 2
e-89-165 89 91 1 2
e-0-9 0 92 1 0
e-2-9 2 92 1 0
e-3-9 3 92 1 0
e-4-9 4 92 1 0
e-6-9 6 92 0 1
e-7-9 7 92 0 1
e-10-9 10 92 0 1
e-30-9 30 92 0 1
e-44-9 44 92 0 1
e-48-9 48 92 0 1
e-50-9 50 92 0 1
e-63-9 63 92 0 1
e-78-9 78 92 0 1
e-82-9 82 92 1 2
e-83-9 83 92 1 2
e-84-9 84 92 1 2
e-85-9 85 92 1 2
e-89-9 89 92 1 2
e-0-198 0 93 1 0
e-2-198 2 93 1 0
e-3-198 3 93 1 0
e-4-198 4 93 1 0
e-6-198 6 93 0 1
e-7-198 7 93 0 1
e-10-198 10 93 0 1
e-30-198 30 93 0 1
e-44-198 44 93 0 1
e-48-198 48 93 0 1
e-50-198 50 93 0 1
e-54-198 54 93 0 1
e-79-198 79 93 0 1
e-82-198 82 93 1 2
e-83-198 83 93 1 2
e-85-198 85 93 1 2
e-89-198 89 93 1 2
e-0-108 0 94 1 0
e-2-108 2 94 1 0
e-3-108 3 94 1 0
e-4-108 4 94 1 0
e-6-108 6 94 0 1
e-7-108 7 94 0 1
e-10-108 10 94 0 1
e-30-108 30 94 0 1
e-44-108 44 94 0 1
e-47-108 47 94 0 1
e-52-108 52 94 0 1
e-74-108 74 94 0 1
e-78-108 78 94 0 1
e-82-108 82 94 1 2
e-83-108 83 94 1 2
e-85-108 85 94 1 2
e-89-108 89 94 1 2
e-0-181 0 95 1 0
e-2-181 2 95 1 0
e-3-181 3 95 1 0
e-4-181 4 95 1 0
e-6-181 6 95 0 1
e-7-181 7 95 0 1
e-10-181 10 95 0 1
e-29-181 29 95 0 1
e-44-181 44 95 0 1
e-48-181 48 95 0 1
e-53-181 53 95 0 1
e-71-181 71 95 0 1
e-78-181 78 95 0 1
e-82-181 82 95 1 2
e-83-181 83 95 1 2
e-85-181 85 95 1 2
e-89-181 89 95 1 2
e-0-59 0 96 1 0
e-2-59 2 96 1 0
e-3-59 3 96 1 0
e-4-59 4 96 1 0
e-6-59 6 96 0 1
e-7-59 7 96 0 1
e-10-59 10 96 0 1
e-29-59 29 96 0 1
e-44-59 44 96 0 1
e-48-59 48 96 0 1
e-53-59 53 96 0 1
e-70-59 70 96 0 1
e-78-59 78 96 0 1
e-82-59 82 96 1 2
e-83-59 83 96 1 2
e-85-59 85 96 1 2
e-89-59 89 96 1 2
e-0-7 0 97 1 0
e-2-7 2 97 1 0
e-3-7 3 97 1 0
e-4-7 4 97 1 0
e-6-7 6 97 0 1
e-7-7 7 97 0 1
e-10-7 10 97 0 1
e-29-7 29 97 0 1
e-44-7 44 97 0 1
e-48-7 48 97 0 1
e-53-7 53 97 0 1
e-69-7 69 97 0 1
e-78-7 78 97 0 1
e-82-7 82 97 1 2
e-83-7 83 97 1 2
e-85-7 85 97 1 2
e-89-7 89 97 1 2
e-0-43 0 98 1 0
e-2-43 2 98 1 0
e-3-43 3 98 1 0
e-4-43 4 98 1 0
e-6-43 6 98 0 1
e-7-43 7 98 0 1
e-10-43 10 98 0 1
e-29-43 29 98 0 1
e-44-43 44 98 0 1
e-48-43 48 98 0 1
e-53-43 53 98 0 1
e-68-43 68 98 0 1
e-78-43 78 98 0 1
e-82-43 82 98 1 2
e-83-43 83 98 1 2
e-85-43 85 98 1 2
e-89-43 89 98 1 2
e-0-153 0 99 1 0
e-2-153 2 99 1 0
e-3-153 3 99 1 0
e-4-153 4 99 1 0
e-6-153 6 99 0 1
e-7-153 7 99 0 1
e-10-153 10 99 0 1
e-28-153 28 99 0 1
e-42-153 42 99 0 1
e-48-153 48 99 0 1
e-52-153 52 99 0 1
e-64-153 64 99 0 1
e-78-153 78 99 0 1
e-82-153 82 99 1 2
e-83-153 83 99 1 2
e-85-153 85 99 1 2
e-89-153 89 99 1 2
e-0-51 0 100 1 0
e-2-51 2 100 1 0
e-3-51 3 100 1 0
e-4-51 4 100 1 0
e-6-51 6 100 0 1
e-7-51 7 100 0 1
e-10-51 10 100 0 1
e-28-51 28 100 0 1
e-42-51 42 100 0 1
e-48-51 48 100 0 1
e-52-51 52 100 0 1
e-64-51 64 100 0 1
e-78-51 78 100 0 1
e-82-51 82 100 1 2
e-83-51 83 100 1 2
e-85-51 85 100 1 2
e-89-51 89 100 1 2
e-0-86 0 101 1 0
e-2-86 2 101 1 0
e-3-86 3 101 1 0
e-4-86 4 101 1 0
e-6-86 6 101 0 1
e-7-86 7 101 0 1
e-10-86 10 101 0 1
e-28-86 28 101 0 1
e-42-86 42 101 0 1
e-48-86 48 101 0 1
e-52-86 52 101 0 1
e-63-86 63 101 0 1
e-78-86 78 101 0 1
e-82-86 82 101 1 2
e-83-86 83 101 1 2
e-85-86 85 101 1 2
e-89-86 89 101 1 2
e-0-68 0 102 1 0
e-2-68 2 102 1 0
e-3-68 3 102 1 0
e-4-68 4 102 1 0
e-6-68 6 102 0 1
e-7-68 7 102 0 1
e-10-68 10 102 0 1
e-27-68 27 102 0 1
e-44-68 44 102 0 1
e-48-68 48 102 0 1
e-50-68 50 102 0 1
e-74-68 74 102 0 1
e-78-68 78 102 0 1
e-82-68 82 102 1 2
e-83-68 83 102 1 2
e-85-68 85 102 1 2
e-89-68 89 102 1 2
e-0-149 0 103 1 0
e-2-149 2 103 1 0
e-3-149 3 103 1 0
e-4-149 4 103 1 0
e-6-149 6 103 0 1
e-7-149 7 103 0 1
e-10-149 10 103 0 1
e-27-149 27 103 0 1
e-44-149 44 103 0 1
e-48-149 48 103 0 1
e-50-149 50 103 0 1
e-74-149 74 103 0 1
e-78-149 78 103 0 1
e-82-149 82 103 1 2
e-83-149 83 103 1 2
e-85-149 85 103 1 2
e-89-149 89 103 1 2
e-0-35 0 104 1 0
e-2-35 2 104 1 0
e-3-35 3 104 1 0
e-4-35 4 104 1 0
e-6-35 6 104 0 1
e-7-35 7 104 0 1
e-10-35 10 104 0 1
e-26-35 26 104 0 1
e-44-35 44 104 0 1
e-48-35 48 104 0 1
e-50-35 50 104 0 1
e-64-35 64 104 0 1
e-78-35 78 104 0 1
e-82-35 82 104 1 2
e-83-35 83 104 1 2
e-85-35 85 104 1 2
e-89-35 89 104 1 2
e-0-44 0 105 1 0
e-2-44 2 105 1 0
e-3-44 3 105 1 0
e-4-44 4 105 1 0
e-6-44 6 105 0 1
e-7-44 7 105 0 1
e-10-44 10 105 0 1
e-26-44 26 105 0 1
e-44-44 44 105 0 1
e-48-44 48 105 0 1
e-50-44 50 105 0 1
e-64-44 64 105 0 1
e-78-44 78 105 0 1
e-82-44 82 105 1 2
e-83-44 83 105 1 2
e-85-44 85 105 1 2
e-89-44 89 105 1 2
e-0-155 0 106 1 0
e-2-155 2 106 1 0
e-3-155 3 106 1 0
e-4-155 4 106 1 0
e-6-155 6 106 0 1
e-7-155 7 106 0 1
e-10-155 10 106 0 1
e-26-155 26 106 0 1
e-44-155 44 106 0 1
e-48-155 48 106 0 1
e-50-155 50 106 0 1
e-64-155 64 106 0 1
e-78-155 78 106 0 1
e-82-155 82 106 1 2
e-83-155 83 106 1 2
e-85-155 85 106 1 2
e-89-155 89 106 1 2
e-0-50 0 107 1 0
e-2-50 2 107 1 0
e-3-50 3 107 1 0
e-4-50 4 107 1 0
e-6-50 6 107 0 1
e-7-50 7 107 0 1
e-10-50 10 107 0 1
e-26-50 26 107 0 1
e-44-50 44 107 0 1
e-48-50 48 107 0 1
e-50-50 50 107 0 1
e-63-50 63 107 0 1
e-78-50 78 107 0 1
e-82-50 82 107 1 2
e-83-50 83 107 1 2
e-85-50 85 107 1 2
e-89-50 89 107 1 2
e-0-184 0 108 1 0
e-2-184 2 108 1 0
e-3-184 3 108 1 0
e-4-184 4 108 1 0
e-6-184 6 108 0 1
e-7-184 7 108 0 1
e-10-184 10 108 0 1
e-25-184 25 108 0 1
e-45-184 45 108 0 1
e-48-184 48 108 0 1
e-52-184 52 108 0 1
e-54-184 54 108 0 1
e-79-184 79 108 0 1
e-82-184 82 108 1 2
e-83-184 83 108 1 2
e-84-184 84 108 1 2
e-85-184 85 108 1 2
e-89-184 89 108 1 2
e-0-70 0 109 1 0
e-2-70 2 109 1 0
e-3-70 3 109 1 0
e-4-70 4 109 1 0
e-6-70 6 109 0 1
e-7-70 7 109 0 1
e-10-70 10 109 0 1
e-24-70 24 109 0 1
e-42-70 42 109 0 1
e-48-70 48 109 0 1
e-52-70 52 109 0 1
e-70-70 70 109 0 1
e-78-70 78 109 0 1
e-82-70 82 109 1 2
e-83-70 83 109 1 2
e-85-70 85 109 1 2
e-89-70 89 109 1 2
e-0-118 0 110 1 0
e-2-118 2 110 1 0
e-3-118 3 110 1 0
e-4-118 4 110 1 0
e-6-118 6 110 0 1
e-7-118 7 110 0 1
e-10-118 10 110 0 1
e-24-118 24 110 0 1
e-42-118 42 110 0 1
e-48-118 48 110 0 1
e-52-118 52 110 0 1
e-70-118 70 110 0 1
e-78-118 78 110 0 1
e-82-118 82 110 1 2
e-83-118 83 110 1 2
e-85-118 85 110 1 2
e-89-118 89 110 1 2
e-0-74 0 111 1 0
e-2-74 2 111 1 0
e-3-74 3 111 1 0
e-4-74 4 111 1 0
e-6-74 6 111 0 1
e-7-74 7 111 0 1
e-10-74 10 111 0 1
e-24-74 24 111 0 1
e-42-74 42 111 0 1
e-48-74 48 111 0 1
e-52-74 52 111 0 1
e-70-74 70 111 0 1
e-78-74 78 111 0 1
e-82-74 82 111 1 2
e-83-74 83 111 1 2
e-84-74 84 111 1 2
e-85-74 85 111 1 2
e-89-74 89 111 1 2
e-0-148 0 112 1 0
e-2-148 2 112 1 0
e-3-148 3 112 1 0
e-4-148 4 112 1 0
e-6-148 6 112 0 1
e-7-148 7 112 0 1
e-10-148 10 112 0 1
e-24-148 24 112 0 1
e-42-148 42 112 0 1
e-48-148 48 112 0 1
e-52-148 52 112 0 1
e-70-148 70 112 0 1
e-78-148 78 112 0 1
e-82-148 82 112 1 2
e-83-148 83 112 1 2
e-85-148 85 112 1 2
e-89-148 89 112 1 2
e-0-189 0 113 1 0
e-2-189 2 113 1 0
e-3-189 3 113 1 0
e-4-189 4 113 1 0
e-6-189 6 113 0 1
e-7-189 7 113 0 1
e-10-189 10 113 0 1
e-23-189 23 113 0 1
e-44-189 44 113 0 1
e-48-189 48 113 0 1
e-50-189 50 113 0 1
e-54-189 54 113 0 1
e-79-189 79 113 0 1
e-82-189 82 113 1 2
e-83-189 83 113 1 2
e-85-189 85 113 1 2
e-89-189 89 113 1 2
e-0-80 0 114 1 0
e-2-80 2 114 1 0
e-3-80 3 114 1 0
e-4-80 4 114 1 0
e-6-80 6 114 0 1
e-7-80 7 114 0 1
e-10-80 10 114 0 1
e-23-80 23 114 0 1
e-44-80 44 114 0 1
e-48-80 48 114 0 1
e-50-80 50 114 0 1
e-54-80 54 114 0 1
e-79-80 79 114 0 1
e-82-80 82 114 1 2
e-83-80 83 114 1 2
e-85-80 85 114 1 2
e-89-80 89 114 1 2
e-0-58 0 115 1 0
e-2-58 2 115 1 0
e-3-58 3 115 1 0
e-4-58 4 115 1 0
e-6-58 6 115 0 1
e-7-58 7 115 0 1
e-10-58 10 115 0 1
e-23-58 23 115 0 1
e-44-58 44 115 0 1
e-48-58 48 115 0 1
e-50-58 50 115 0 1
e-54-58 54 115 0 1
e-79-58 79 115 0 1
e-82-58 82 115 1 2
e-83-58 83 115 1 2
e-85-58 85 115 1 2
e-89-58 89 115 1 2
e-0-133 0 116 1 0
e-2-133 2 116 1 0
e-3-133 3 116 1 0
e-4-133 4 116 1 0
e-6-133 6 116 0 1
e-7-133 7 116 0 1
e-10-133 10 116 0 1
e-22-133 22 116 0 1
e-45-133 45 116 0 1
e-48-133 48 116 0 1
e-50-133 50 116 0 1
e-69-133 69 116 0 1
e-78-133 78 116 0 1
e-82-133 82 116 1 2
e-83-133 83 116 1 2
e-85-133 85 116 1 2
e-89-133 89 116 1 2
e-0-0 0 117 1 0
e-2-0 2 117 1 0
e-3-0 3 117 1 0
e-4-0 4 117 1 0
e-6-0 6 117 0 1
e-7-0 7 117 0 1
e-10-0 10 117 0 1
e-22-0 22 117 0 1
e-45-0 45 117 0 1
e-48-0 48 117 0 1
e-50-0 50 117 0 1
e-69-0 69 117 0 1
e-78-0 78 117 0 1
e-82-0 82 117 1 2
e-83-0 83 117 1 2
e-85-0 85 117 1 2
e-89-0 89 117 1 2
e-0-188 0 118 1 0
e-2-188 2 118 1 0
e-3-188 3 118 1 0
e-4-188 4 118 1 0
e-6-188 6 118 0 1
e-7-188 7 118 0 1
e-10-188 10 118 0 1
e-22-188 22 118 0 1
e-45-188 45 118 0 1
e-48-188 48 118 0 1
e-50-188 50 118 0 1
e-65-188 65 118 0 1
e-78-188 78 118 0 1
e-82-188 82 118 1 2
e-83-188 83 118 1 2
e-85-188 85 118 1 2
e-89-188 89 118 1 2
e-0-66 0 119 1 0
e-2-66 2 119 1 0
e-3-66 3 119 1 0
e-4-66 4 119 1 0
e-6-66 6 119 0 1
e-7-66 7 119 0 1
e-10-66 10 119 0 1
e-22-66 22 119 0 1
e-45-66 45 119 0 1
e-48-66 48 119 0 1
e-50-66 50 119 0 1
e-65-66 65 119 0 1
e-78-66 78 119 0 1
e-82-66 82 119 1 2
e-83-66 83 119 1 2
e-85-66 85 119 1 2
e-89-66 89 119 1 2
e-0-98 0 120 1 0
e-2-98 2 120 1 0
e-3-98 3 120 1 0
e-4-98 4 120 1 0
e-6-98 6 120 0 1
e-7-98 7 120 0 1
e-10-98 10 120 0 1
e-21-98 21 120 0 1
e-42-98 42 120 0 1
e-48-98 48 120 0 1
e-50-98 50 120 0 1
e-69-98 69 120 0 1
e-78-98 78 120 0 1
e-82-98 82 120 1 2
e-83-98 83 120 1 2
e-85-98 85 120 1 2
e-89-98 89 120 1 2
e-0-46 0 121 1 0
e-2-46 2 121 1 0
e-3-46 3 121 1 0
e-4-46 4 121 1 0
e-6-46 6 121 0 1
e-7-46 7 121 0 1
e-10-46 10 121 0 1
e-21-46 21 121 0 1
e-42-46 42 121 0 1
e-48-46 48 121 0 1
e-50-46 50 121 0 1
e-69-46 69 121 0 1
e-78-46 78 121 0 1
e-82-46 82 121 1 2
e-83-46 83 121 1 2
e-85-46 85 121 1 2
e-89-46 89 121 1 2
e-0-141 0 122 1 0
e-2-141 2 122 1 0
e-3-141 3 122 1 0
e-4-141 4 122 1 0
e-6-141 6 122 0 1
e-7-141 7 122 0 1
e-10-141 10 122 0 1
e-20-141 20 122 0 1
e-44-141 44 122 0 1
e-48-141 48 122 0 1
e-53-141 53 122 0 1
e-57-141 57 122 0 1
e-78-141 78 122 0 1
e-82-141 82 122 1 2
e-83-141 83 122 1 2
e-85-141 85 122 1 2
e-89-141 89 122 1 2
e-0-69 0 123 1 0
e-2-69 2 123 1 0
e-3-69 3 123 1 0
e-4-69 4 123 1 0
e-6-69 6 123 0 1
e-7-69 7 123 0 1
e-10-69 10 123 0 1
e-20-69 20 123 0 1
e-44-69 44 123 0 1
e-48-69 48 123 0 1
e-52-69 52 123 0 1
e-76-69 76 123 0 1
e-78-69 78 123 0 1
e-82-69 82 123 1 2
e-83-69 83 123 1 2
e-85-69 85 123 1 2
e-89-69 89 123 1 2
e-0-115 0 124 1 0
e-2-115 2 124 1 0
e-3-115 3 124 1 0
e-4-115 4 124 1 0
e-6-115 6 124 0 1
e-7-115 7 124 0 1
e-10-115 10 124 0 1
e-20-115 20 124 0 1
e-44-115 44 124 0 1
e-48-115 48 124 0 1
e-52-115 52 124 0 1
e-76-115 76 124 0 1
e-78-115 78 124 0 1
e-82-115 82 124 1 2
e-83-115 83 124 1 2
e-84-115 84 124 1 2
e-85-115 85 124 1 2
e-89-115 89 124 1 2
e-0-194 0 125 1 0
e-2-194 2 125 1 0
e-3-194 3 125 1 0
e-4-194 4 125 1 0
e-6-194 6 125 0 1
e-7-194 7 125 0 1
e-10-194 10 125 0 1
e-20-194 20 125 0 1
e-44-194 44 125 0 1
e-48-194 48 125 0 1
e-52-194 52 125 0 1
e-76-194 76 125 0 1
e-78-194 78 125 0 1
e-82-194 82 125 1 2
e-83-194 83 125 1 2
e-85-194 85 125 1 2
e-89-194 89 125 1 2
e-0-79 0 126 1 0
e-2-79 2 126 1 0
e-3-79 3 126 1 0
e-4-79 4 126 1 0
e-6-79 6 126 0 1
e-7-79 7 126 0 1
e-10-79 10 126 0 1
e-19-79 19 126 0 1
e-45-79 45 126 0 1
e-49-79 49 126 0 1
e-52-79 52 126 0 1
e-69-79 69 126 0 1
e-78-79 78 126 0 1
e-82-79 82 126 1 2
e-83-79 83 126 1 2
e-85-79 85 126 1 2
e-89-79 89 126 1 2
e-0-56 0 127 1 0
e-2-56 2 127 1 0
e-3-56 3 127 1 0
e-4-56 4 127 1 0
e-6-56 6 127 0 1
e-7-56 7 127 0 1
e-10-56 10 127 0 1
e-19-56 19 127 0 1
e-42-56 42 127 0 1
e-48-56 48 127 0 1
e-52-56 52 127 0 1
e-73-56 73 127 0 1
e-77-56 77 127 0 1
e-82-56 82 127 1 2
e-83-56 83 127 1 2
e-85-56 85 127 1 2
e-89-56 89 127 1 2
e-0-47 0 128 1 0
e-2-47 2 128 1 0
e-3-47 3 128 1 0
e-4-47 4 128 1 0
e-6-47 6 128 0 1
e-7-47 7 128 0 1
e-10-47 10 128 0 1
e-19-47 19 128 0 1
e-42-47 42 128 0 1
e-48-47 48 128 0 1
e-52-47 52 128 0 1
e-73-47 73 128 0 1
e-77-47 77 128 0 1
e-82-47 82 128 1 2
e-83-47 83 128 1 2
e-85-47 85 128 1 2
e-89-47 89 128 1 2
e-0-29 0 129 1 0
e-2-29 2 129 1 0
e-3-29 3 129 1 0
e-4-29 4 129 1 0
e-6-29 6 129 0 1
e-7-29 7 129 0 1
e-10-29 10 129 0 1
e-19-29 19 129 0 1
e-42-29 42 129 0 1
e-48-29 48 129 0 1
e-52-29 52 129 0 1
e-73-29 73 129 0 1
e-77-29 77 129 0 1
e-82-29 82 129 1 2
e-83-29 83 129 1 2
e-85-29 85 129 1 2
e-89-29 89 129 1 2
e-0-85 0 130 1 0
e-2-85 2 130 1 0
e-3-85 3 130 1 0
e-4-85 4 130 1 0
e-6-85 6 130 0 1
e-7-85 7 130 0 1
e-10-85 10 130 0 1
e-19-85 19 130 0 1
e-42-85 42 130 0 1
e-48-85 48 130 0 1
e-52-85 52 130 0 1
e-73-85 73 130 0 1
e-77-85 77 130 0 1
e-82-85 82 130 1 2
e-83-85 83 130 1 2
e-84-85 84 130 1 2
e-85-85 85 130 1 2
e-89-85 89 130 1 2
e-0-170 0 131 1 0
e-2-170 2 131 1 0
e-3-170 3 131 1 0
e-4-170 4 131 1 0
e-6-170 6 131 0 1
e-7-170 7 131 0 1
e-10-170 10 131 0 1
e-18-170 18 131 0 1
e-44-170 44 131 0 1
e-48-170 48 131 0 1
e-52-170 52 131 0 1
e-76-170 76 131 0 1
e-77-170 77 131 0 1
e-82-170 82 131 1 2
e-83-170 83 131 1 2
e-85-170 85 131 1 2
e-89-170 89 131 1 2
e-0-120 0 132 1 0
e-2-120 2 132 1 0
e-3-120 3 132 1 0
e-4-120 4 132 1 0
e-6-120 6 132 0 1
e-7-120 7 132 0 1
e-10-120 10 132 0 1
e-18-120 18 132 0 1
e-44-120 44 132 0 1
e-48-120 48 132 0 1
e-52-120 52 132 0 1
e-76-120 76 132 0 1
e-77-120 77 132 0 1
e-82-120 82 132 1 2
e-83-120 83 132 1 2
e-85-120 85 132 1 2
e-89-120 89 132 1 2
e-0-97 0 133 1 0
e-2-97 2 133 1 0
e-3-97 3 133 1 0
e-4-97 4 133 1 0
e-6-97 6 133 0 1
e-7-97 7 133 0 1
e-10-97 10 133 0 1
e-18-97 18 133 0 1
e-44-97 44 133 0 1
e-48-97 48 133 0 1
e-52-97 52 133 0 1
e-76-97 76 133 0 1
e-77-97 77 133 0 1
e-82-97 82 133 1 2
e-83-97 83 133 1 2
e-85-97 85 133 1 2
e-89-97 89 133 1 2
e-0-90 0 134 1 0
e-2-90 2 134 1 0
e-3-90 3 134 1 0
e-4-90 4 134 1 0
e-6-90 6 134 0 1
e-7-90 7 134 0 1
e-10-90 10 134 0 1
e-18-90 18 134 0 1
e-44-90 44 134 0 1
e-48-90 48 134 0 1
e-52-90 52 134 0 1
e-76-90 76 134 0 1
e-77-90 77 134 0 1
e-82-90 82 134 1 2
e-83-90 83 134 1 2
e-85-90 85 134 1 2
e-89-90 89 134 1 2
e-0-139 0 135 1 0
e-2-139 2 135 1 0
e-3-139 3 135 1 0
e-4-139 4 135 1 0
e-6-139 6 135 0 1
e-7-139 7 135 0 1
e-10-139 10 135 0 1
e-18-139 18 135 0 1
e-44-139 44 135 0 1
e-48-139 48 135 0 1
e-52-139 52 135 0 1
e-76-139 76 135 0 1
e-77-139 77 135 0 1
e-82-139 82 135 1 2
e-83-139 83 135 1 2
e-85-139 85 135 1 2
e-89-139 89 135 1 2
e-0-191 0 136 1 0
e-2-191 2 136 1 0
e-3-191 3 136 1 0
e-4-191 4 136 1 0
e-6-191 6 136 0 1
e-7-191 7 136 0 1
e-10-191 10 136 0 1
e-17-191 17 136 0 1
e-45-191 45 136 0 1
e-49-191 49 136 0 1
e-51-191 51 136 0 1
e-75-191 75 136 0 1
e-77-191 77 136 0 1
e-82-191 82 136 1 2
e-83-191 83 136 1 2
e-85-191 85 136 1 2
e-89-191 89 136 1 2
e-0-8 0 137 1 0
e-2-8 2 137 1 0
e-3-8 3 137 1 0
e-4-8 4 137 1 0
e-6-8 6 137 0 1
e-7-8 7 137 0 1
e-10-8 10 137 0 1
e-17-8 17 137 0 1
e-45-8 45 137 0 1
e-49-8 49 137 0 1
e-51-8 51 137 0 1
e-75-8 75 137 0 1
e-77-8 77 137 0 1
e-82-8 82 137 1 2
e-83-8 83 137 1 2
e-85-8 85 137 1 2
e-89-8 89 137 1 2
e-0-39 0 138 1 0
e-2-39 2 138 1 0
e-3-39 3 138 1 0
e-4-39 4 138 1 0
e-6-39 6 138 0 1
e-7-39 7 138 0 1
e-10-39 10 138 0 1
e-17-39 17 138 0 1
e-45-39 45 138 0 1
e-49-39 49 138 0 1
e-51-39 51 138 0 1
e-75-39 75 138 0 1
e-77-39 77 138 0 1
e-82-39 82 138 1 2
e-83-39 83 138 1 2
e-85-39 85 138 1 2
e-89-39 89 138 1 2
e-0-91 0 139 1 0
e-2-91 2 139 1 0
e-3-91 3 139 1 0
e-4-91 4 139 1 0
e-6-91 6 139 0 1
e-7-91 7 139 0 1
e-10-91 10 139 0 1
e-17-91 17 139 0 1
e-45-91 45 139 0 1
e-48-91 48 139 0 1
e-53-91 53 139 0 1
e-69-91 69 139 0 1
e-78-91 78 139 0 1
e-82-91 82 139 1 2
e-83-91 83 139 1 2
e-85-91 85 139 1 2
e-89-91 89 139 1 2
e-0-14 0 140 1 0
e-2-14 2 140 1 0
e-3-14 3 140 1 0
e-4-14 4 140 1 0
e-6-14 6 140 0 1
e-7-14 7 140 0 1
e-10-14 10 140 0 1
e-17-14 17 140 0 1
e-45-14 45 140 0 1
e-48-14 48 140 0 1
e-53-14 53 140 0 1
e-69-14 69 140 0 1
e-78-14 78 140 0 1
e-82-14 82 140 1 2
e-83-14 83 140 1 2
e-85-14 85 140 1 2
e-89-14 89 140 1 2
e-0-158 0 141 1 0
e-2-158 2 141 1 0
e-3-158 3 141 1 0
e-4-158 4 141 1 0
e-6-158 6 141 0 1
e-7-158 7 141 0 1
e-10-158 10 141 0 1
e-17-158 17 141 0 1
e-45-158 45 141 0 1
e-48-158 48 141 0 1
e-53-158 53 141 0 1
e-69-158 69 141 0 1
e-78-158 78 141 0 1
e-82-158 82 141 1 2
e-83-158 83 141 1 2
e-85-158 85 141 1 2
e-89-158 89 141 1 2
e-0-150 0 142 1 0
e-2-150 2 142 1 0
e-3-150 3 142 1 0
e-4-150 4 142 1 0
e-6-150 6 142 0 1
e-7-150 7 142 0 1
e-10-150 10 142 0 1
e-17-150 17 142 0 1
e-45-150 45 142 0 1
e-48-150 48 142 0 1
e-52-150 52 142 0 1
e-63-150 63 142 0 1
e-78-150 78 142 0 1
e-82-150 82 142 1 2
e-83-150 83 142 1 2
e-85-150 85 142 1 2
e-89-150 89 142 1 2
e-0-151 0 143 1 0
e-2-151 2 143 1 0
e-3-151 3 143 1 0
e-4-151 4 143 1 0
e-6-151 6 143 0 1
e-7-151 7 143 0 1
e-10-151 10 143 0 1
e-17-151 17 143 0 1
e-45-151 45 143 0 1
e-48-151 48 143 0 1
e-52-151 52 143 0 1
e-63-151 63 143 0 1
e-78-151 78 143 0 1
e-82-151 82 143 1 2
e-83-151 83 143 1 2
e-85-151 85 143 1 2
e-89-151 89 143 1 2
e-0-23 0 144 1 0
e-2-23 2 144 1 0
e-3-23 3 144 1 0
e-4-23 4 144 1 0
e-6-23 6 144 0 1
e-7-23 7 144 0 1
e-10-23 10 144 0 1
e-17-23 17 144 0 1
e-45-23 45 144 0 1
e-48-23 48 144 0 1
e-52-23 52 144 0 1
e-63-23 63 144 0 1
e-78-23 78 144 0 1
e-82-23 82 144 1 2
e-83-23 83 144 1 2
e-85-23 85 144 1 2
e-89-23 89 144 1 2
e-0-18 0 145 1 0
e-2-18 2 145 1 0
e-3-18 3 145 1 0
e-4-18 4 145 1 0
e-6-18 6 145 0 1
e-7-18 7 145 0 1
e-10-18 10 145 0 1
e-17-18 17 145 0 1
e-45-18 45 145 0 1
e-48-18 48 145 0 1
e-52-18 52 145 0 1
e-63-18 63 145 0 1
e-78-18 78 145 0 1
e-82-18 82 145 1 2
e-83-18 83 145 1 2
e-85-18 85 145 1 2
e-89-18 89 145 1 2
e-0-53 0 146 1 0
e-2-53 2 146 1 0
e-3-53 3 146 1 0
e-4-53 4 146 1 0
e-6-53 6 146 0 1
e-7-53 7 146 0 1
e-10-53 10 146 0 1
e-17-53 17 146 0 1
e-45-53 45 146 0 1
e-47-53 47 146 0 1
e-50-53 50 146 0 1
e-75-53 75 146 0 1
e-77-53 77 146 0 1
e-82-53 82 146 1 2
e-83-53 83 146 1 2
e-85-53 85 146 1 2
e-89-53 89 146 1 2
e-0-60 0 147 1 0
e-2-60 2 147 1 0
e-3-60 3 147 1 0
e-4-60 4 147 1 0
e-6-60 6 147 0 1
e-7-60 7 147 0 1
e-10-60 10 147 0 1
e-17-60 17 147 0 1
e-45-60 45 147 0 1
e-47-60 47 147 0 1
e-50-60 50 147 0 1
e-75-60 75 147 0 1
e-77-60 77 147 0 1
e-82-60 82 147 1 2
e-83-60 83 147 1 2
e-85-60 85 147 1 2
e-89-60 89 147 1 2
e-0-157 0 148 1 0
e-2-157 2 148 1 0
e-3-157 3 148 1 0
e-4-157 4 148 1 0
e-6-157 6 148 0 1
e-7-157 7 148 0 1
e-10-157 10 148 0 1
e-17-157 17 148 0 1
e-45-157 45 148 0 1
e-47-157 47 148 0 1
e-50-157 50 148 0 1
e-74-157 74 148 0 1
e-78-157 78 148 0 1
e-82-157 82 148 1 2
e-83-157 83 148 1 2
e-85-157 85 148 1 2
e-89-157 89 148 1 2
e-0-20 0 149 1 0
e-2-20 2 149 1 0
e-3-20 3 149 1 0
e-4-20 4 149 1 0
e-6-20 6 149 0 1
e-7-20 7 149 0 1
e-10-20 10 149 0 1
e-17-20 17 149 0 1
e-44-20 44 149 0 1
e-49-20 49 149 0 1
e-51-20 51 149 0 1
e-70-20 70 149 0 1
e-78-20 78 149 0 1
e-82-20 82 149 1 2
e-83-20 83 149 1 2
e-85-20 85 149 1 2
e-89-20 89 149 1 2
e-0-77 0 150 1 0
e-2-77 2 150 1 0
e-3-77 3 150 1 0
e-4-77 4 150 1 0
e-6-77 6 150 0 1
e-7-77 7 150 0 1
e-10-77 10 150 0 1
e-17-77 17 150 0 1
e-44-77 44 150 0 1
e-48-77 48 150 0 1
e-53-77 53 150 0 1
e-72-77 72 150 0 1
e-78-77 78 150 0 1
e-82-77 82 150 1 2
e-83-77 83 150 1 2
e-85-77 85 150 1 2
e-89-77 89 150 1 2
e-0-22 0 151 1 0
e-2-22 2 151 1 0
e-3-22 3 151 1 0
e-4-22 4 151 1 0
e-6-22 6 151 0 1
e-7-22 7 151 0 1
e-10-22 10 151 0 1
e-17-22 17 151 0 1
e-44-22 44 151 0 1
e-48-22 48 151 0 1
e-53-22 53 151 0 1
e-72-22 72 151 0 1
e-78-22 78 151 0 1
e-82-22 82 151 1 2
e-83-22 83 151 1 2
e-85-22 85 151 1 2
e-89-22 89 151 1 2
e-0-71 0 152 1 0
e-2-71 2 152 1 0
e-3-71 3 152 1 0
e-4-71 4 152 1 0
e-6-71 6 152 0 1
e-7-71 7 152 0 1
e-10-71 10 152 0 1
e-17-71 17 152 0 1
e-44-71 44 152 0 1
e-48-71 48 152 0 1
e-53-71 53 152 0 1
e-71-71 71 152 0 1
e-78-71 78 152 0 1
e-82-71 82 152 1 2
e-83-71 83 152 1 2
e-85-71 85 152 1 2
e-89-71 89 152 1 2
e-0-28 0 153 1 0
e-2-28 2 153 1 0
e-3-28 3 153 1 0
e-4-28 4 153 1 0
e-6-28 6 153 0 1
e-7-28 7 153 0 1
e-10-28 10 153 0 1
e-17-28 17 153 0 1
e-44-28 44 153 0 1
e-48-28 48 153 0 1
e-53-28 53 153 0 1
e-71-28 71 153 0 1
e-78-28 78 153 0 1
e-82-28 82 153 1 2
e-83-28 83 153 1 2
e-85-28 85 153 1 2
e-89-28 89 153 1 2
e-0-26 0 154 1 0
e-2-26 2 154 1 0
e-3-26 3 154 1 0
e-4-26 4 154 1 0
e-6-26 6 154 0 1
e-7-26 7 154 0 1
e-10-26 10 154 0 1
e-17-26 17 154 0 1
e-44-26 44 154 0 1
e-48-26 48 154 0 1
e-52-26 52 154 0 1
e-69-26 69 154 0 1
e-78-26 78 154 0 1
e-82-26 82 154 1 2
e-83-26 83 154 1 2
e-85-26 85 154 1 2
e-89-26 89 154 1 2
e-0-137 0 155 1 0
e-2-137 2 155 1 0
e-3-137 3 155 1 0
e-4-137 4 155 1 0
e-6-137 6 155 0 1
e-7-137 7 155 0 1
e-10-137 10 155 0 1
e-17-137 17 155 0 1
e-44-137 44 155 0 1
e-48-137 48 155 0 1
e-52-137 52 155 0 1
e-69-137 69 155 0 1
e-78-137 78 155 0 1
e-82-137 82 155 1 2
e-83-137 83 155 1 2
e-85-137 85 155 1 2
e-89-137 89 155 1 2
e-0-114 0 156 1 0
e-2-114 2 156 1 0
e-3-114 3 156 1 0
e-4-114 4 156 1 0
e-6-114 6 156 0 1
e-7-114 7 156 0 1
e-10-114 10 156 0 1
e-17-114 17 156 0 1
e-44-114 44 156 0 1
e-48-114 48 156 0 1
e-52-114 52 156 0 1
e-69-114 69 156 0 1
e-78-114 78 156 0 1
e-82-114 82 156 1 2
e-83-114 83 156 1 2
e-85-114 85 156 1 2
e-89-114 89 156 1 2
e-0-113 0 157 1 0
e-2-113 2 157 1 0
e-3-113 3 157 1 0
e-4-113 4 157 1 0
e-6-113 6 157 0 1
e-7-113 7 157 0 1
e-10-113 10 157 0 1
e-17-113 17 157 0 1
e-44-113 44 157 0 1
e-48-113 48 157 0 1
e-52-113 52 157 0 1
e-69-113 69 157 0 1
e-78-113 78 157 0 1
e-82-113 82 157 1 2
e-83-113 83 157 1 2
e-85-113 85 157 1 2
e-89-113 89 157 1 2
e-0-130 0 158 1 0
e-2-130 2 158 1 0
e-3-130 3 158 1 0
e-4-130 4 158 1 0
e-6-130 6 158 0 1
e-7-130 7 158 0 1
e-10-130 10 158 0 1
e-17-130 17 158 0 1
e-44-130 44 158 0 1
e-48-130 48 158 0 1
e-52-130 52 158 0 1
e-69-130 69 158 0 1
e-78-130 78 158 0 1
e-82-130 82 158 1 2
e-83-130 83 158 1 2
e-85-130 85 158 1 2
e-89-130 89 158 1 2
e-0-78 0 159 1 0
e-2-78 2 159 1 0
e-3-78 3 159 1 0
e-4-78 4 159 1 0
e-6-78 6 159 0 1
e-7-78 7 159 0 1
e-10-78 10 159 0 1
e-17-78 17 159 0 1
e-44-78 44 159 0 1
e-48-78 48 159 0 1
e-50-78 50 159 0 1
e-66-78 66 159 0 1
e-78-78 78 159 0 1
e-82-78 82 159 1 2
e-83-78 83 159 1 2
e-85-78 85 159 1 2
e-89-78 89 159 1 2
e-0-48 0 160 1 0
e-2-48 2 160 1 0
e-3-48 3 160 1 0
e-4-48 4 160 1 0
e-6-48 6 160 0 1
e-7-48 7 160 0 1
e-10-48 10 160 0 1
e-17-48 17 160 0 1
e-44-48 44 160 0 1
e-48-48 48 160 0 1
e-50-48 50 160 0 1
e-66-48 66 160 0 1
e-78-48 78 160 0 1
e-82-48 82 160 1 2
e-83-48 83 160 1 2
e-85-48 85 160 1 2
e-89-48 89 160 1 2
e-0-24 0 161 1 0
e-2-24 2 161 1 0
e-3-24 3 161 1 0
e-4-24 4 161 1 0
e-6-24 6 161 0 1
e-7-24 7 161 0 1
e-10-24 10 161 0 1
e-17-24 17 161 0 1
e-42-24 42 161 0 1
e-49-24 49 161 0 1
e-51-24 51 161 0 1
e-75-24 75 161 0 1
e-77-24 77 161 0 1
e-82-24 82 161 1 2
e-83-24 83 161 1 2
e-85-24 85 161 1 2
e-89-24 89 161 1 2
e-0-192 0 162 1 0
e-2-192 2 162 1 0
e-3-192 3 162 1 0
e-4-192 4 162 1 0
e-6-192 6 162 0 1
e-7-192 7 162 0 1
e-10-192 10 162 0 1
e-17-192 17 162 0 1
e-42-192 42 162 0 1
e-48-192 48 162 0 1
e-52-192 52 162 0 1
e-74-192 74 162 0 1
e-77-192 77 162 0 1
e-82-192 82 162 1 2
e-83-192 83 162 1 2
e-85-192 85 162 1 2
e-89-192 89 162 1 2
e-0-100 0 163 1 0
e-2-100 2 163 1 0
e-3-100 3 163 1 0
e-4-100 4 163 1 0
e-6-100 6 163 0 1
e-7-100 7 163 0 1
e-10-100 10 163 0 1
e-17-100 17 163 0 1
e-42-100 42 163 0 1
e-48-100 48 163 0 1
e-52-100 52 163 0 1
e-74-100 74 163 0 1
e-77-100 77 163 0 1
e-82-100 82 163 1 2
e-83-100 83 163 1 2
e-85-100 85 163 1 2
e-89-100 89 163 1 2
e-0-61 0 164 1 0
e-2-61 2 164 1 0
e-3-61 3 164 1 0
e-4-61 4 164 1 0
e-6-61 6 164 0 1
e-7-61 7 164 0 1
e-10-61 10 164 0 1
e-17-61 17 164 0 1
e-42-61 42 164 0 1
e-48-61 48 164 0 1
e-52-61 52 164 0 1
e-73-61 73 164 0 1
e-78-61 78 164 0 1
e-82-61 82 164 1 2
e-83-61 83 164 1 2
e-85-61 85 164 1 2
e-89-61 89 164 1 2
e-0-135 0 165 1 0
e-2-135 2 165 1 0
e-3-135 3 165 1 0
e-4-135 4 165 1 0
e-6-135 6 165 0 1
e-7-135 7 165 0 1
e-10-135 10 165 0 1
e-17-135 17 165 0 1
e-42-135 42 165 0 1
e-47-135 47 165 0 1
e-52-135 52 165 0 1
e-65-135 65 165 0 1
e-78-135 78 165 0 1
e-82-135 82 165 1 2
e-83-135 83 165 1 2
e-85-135 85 165 1 2
e-89-135 89 165 1 2
e-0-105 0 166 1 0
e-2-105 2 166 1 0
e-3-105 3 166 1 0
e-4-105 4 166 1 0
e-6-105 6 166 0 1
e-7-105 7 166 0 1
e-10-105 10 166 0 1
e-17-105 17 166 0 1
e-42-105 42 166 0 1
e-47-105 47 166 0 1
e-52-105 52 166 0 1
e-65-105 65 166 0 1
e-78-105 78 166 0 1
e-82-105 82 166 1 2
e-83-105 83 166 1 2
e-85-105 85 166 1 2
e-89-105 89 166 1 2
e-0-49 0 167 1 0
e-2-49 2 167 1 0
e-3-49 3 167 1 0
e-4-49 4 167 1 0
e-6-49 6 167 0 1
e-7-49 7 167 0 1
e-10-49 10 167 0 1
e-17-49 17 167 0 1
e-42-49 42 167 0 1
e-47-49 47 167 0 1
e-52-49 52 167 0 1
e-62-49 62 167 0 1
e-78-49 78 167 0 1
e-82-49 82 167 1 2
e-83-49 83 167 1 2
e-85-49 85 167 1 2
e-89-49 89 167 1 2
e-0-82 0 168 1 0
e-2-82 2 168 1 0
e-3-82 3 168 1 0
e-4-82 4 168 1 0
e-6-82 6 168 0 1
e-7-82 7 168 0 1
e-10-82 10 168 0 1
e-17-82 17 168 0 1
e-42-82 42 168 0 1
e-47-82 47 168 0 1
e-52-82 52 168 0 1
e-62-82 62 168 0 1
e-78-82 78 168 0 1
e-82-82 82 168 1 2
e-83-82 83 168 1 2
e-85-82 85 168 1 2
e-89-82 89 168 1 2
e-0-147 0 169 1 0
e-2-147 2 169 1 0
e-3-147 3 169 1 0
e-4-147 4 169 1 0
e-6-147 6 169 0 1
e-7-147 7 169 0 1
e-10-147 10 169 0 1
e-17-147 17 169 0 1
e-42-147 42 169 0 1
e-47-147 47 169 0 1
e-52-147 52 169 0 1
e-58-147 58 169 0 1
e-78-147 78 169 0 1
e-82-147 82 169 1 2
e-83-147 83 169 1 2
e-85-147 85 169 1 2
e-89-147 89 169 1 2
e-0-179 0 170 1 0
e-2-179 2 170 1 0
e-3-179 3 170 1 0
e-4-179 4 170 1 0
e-6-179 6 170 0 1
e-7-179 7 170 0 1
e-10-179 10 170 0 1
e-16-179 16 170 0 1
e-45-179 45 170 0 1
e-48-179 48 170 0 1
e-52-179 52 170 0 1
e-63-179 63 170 0 1
e-78-179 78 170 0 1
e-82-179 82 170 1 2
e-83-179 83 170 1 2
e-85-179 85 170 1 2
e-89-179 89 170 1 2
e-0-138 0 171 1 0
e-2-138 2 171 1 0
e-3-138 3 171 1 0
e-4-138 4 171 1 0
e-6-138 6 171 0 1
e-7-138 7 171 0 1
e-10-138 10 171 0 1
e-16-138 16 171 0 1
e-45-138 45 171 0 1
e-48-138 48 171 0 1
e-52-138 52 171 0 1
e-63-138 63 171 0 1
e-78-138 78 171 0 1
e-82-138 82 171 1 2
e-83-138 83 171 1 2
e-85-138 85 171 1 2
e-89-138 89 171 1 2
e-0-143 0 172 1 0
e-2-143 2 172 1 0
e-3-143 3 172 1 0
e-4-143 4 172 1 0
e-6-143 6 172 0 1
e-7-143 7 172 0 1
e-10-143 10 172 0 1
e-16-143 16 172 0 1
e-45-143 45 172 0 1
e-48-143 48 172 0 1
e-52-143 52 172 0 1
e-63-143 63 172 0 1
e-78-143 78 172 0 1
e-82-143 82 172 1 2
e-83-143 83 172 1 2
e-85-143 85 172 1 2
e-89-143 89 172 1 2
e-0-88 0 173 1 0
e-2-88 2 173 1 0
e-3-88 3 173 1 0
e-4-88 4 173 1 0
e-6-88 6 173 0 1
e-7-88 7 173 0 1
e-10-88 10 173 0 1
e-16-88 16 173 0 1
e-45-88 45 173 0 1
e-48-88 48 173 0 1
e-52-88 52 173 0 1
e-63-88 63 173 0 1
e-78-88 78 173 0 1
e-82-88 82 173 1 2
e-83-88 83 173 1 2
e-85-88 85 173 1 2
e-89-88 89 173 1 2
e-0-37 0 174 1 0
e-2-37 2 174 1 0
e-3-37 3 174 1 0
e-4-37 4 174 1 0
e-6-37 6 174 0 1
e-7-37 7 174 0 1
e-10-37 10 174 0 1
e-16-37 16 174 0 1
e-44-37 44 174 0 1
e-48-37 48 174 0 1
e-52-37 52 174 0 1
e-58-37 58 174 0 1
e-78-37 78 174 0 1
e-82-37 82 174 1 2
e-83-37 83 174 1 2
e-85-37 85 174 1 2
e-89-37 89 174 1 2
e-0-94 0 175 1 0
e-2-94 2 175 1 0
e-3-94 3 175 1 0
e-4-94 4 175 1 0
e-6-94 6 175 0 1
e-7-94 7 175 0 1
e-10-94 10 175 0 1
e-16-94 16 175 0 1
e-44-94 44 175 0 1
e-48-94 48 175 0 1
e-52-94 52 175 0 1
e-57-94 57 175 0 1
e-78-94 78 175 0 1
e-82-94 82 175 1 2
e-83-94 83 175 1 2
e-85-94 85 175 1 2
e-89-94 89 175 1 2
e-0-163 0 176 1 0
e-2-163 2 176 1 0
e-3-163 3 176 1 0
e-4-163 4 176 1 0
e-6-163 6 176 0 1
e-7-163 7 176 0 1
e-10-163 10 176 0 1
e-15-163 15 176 0 1
e-45-163 45 176 0 1
e-48-163 48 176 0 1
e-53-163 53 176 0 1
e-64-163 64 176 0 1
e-78-163 78 176 0 1
e-82-163 82 176 1 2
e-83-163 83 176 1 2
e-85-163 85 176 1 2
e-89-163 89 176 1 2
e-0-159 0 177 1 0
e-2-159 2 177 1 0
e-3-159 3 177 1 0
e-4-159 4 177 1 0
e-6-159 6 177 0 1
e-7-159 7 177 0 1
e-10-159 10 177 0 1
e-15-159 15 177 0 1
e-45-159 45 177 0 1
e-48-159 48 177 0 1
e-53-159 53 177 0 1
e-64-159 64 177 0 1
e-78-159 78 177 0 1
e-82-159 82 177 1 2
e-83-159 83 177 1 2
e-85-159 85 177 1 2
e-89-159 89 177 1 2
e-0-186 0 178 1 0
e-2-186 2 178 1 0
e-3-186 3 178 1 0
e-4-186 4 178 1 0
e-6-186 6 178 0 1
e-7-186 7 178 0 1
e-10-186 10 178 0 1
e-15-186 15 178 0 1
e-45-186 45 178 0 1
e-48-186 48 178 0 1
e-53-186 53 178 0 1
e-63-186 63 178 0 1
e-78-186 78 178 0 1
e-82-186 82 178 1 2
e-83-186 83 178 1 2
e-85-186 85 178 1 2
e-89-186 89 178 1 2
e-0-123 0 179 1 0
e-2-123 2 179 1 0
e-3-123 3 179 1 0
e-4-123 4 179 1 0
e-6-123 6 179 0 1
e-7-123 7 179 0 1
e-10-123 10 179 0 1
e-15-123 15 179 0 1
e-45-123 45 179 0 1
e-48-123 48 179 0 1
e-53-123 53 179 0 1
e-60-123 60 179 0 1
e-78-123 78 179 0 1
e-82-123 82 179 1 2
e-83-123 83 179 1 2
e-85-123 85 179 1 2
e-89-123 89 179 1 2
e-0-4 0 180 1 0
e-2-4 2 180 1 0
e-3-4 3 180 1 0
e-4-4 4 180 1 0
e-6-4 6 180 0 1
e-7-4 7 180 0 1
e-10-4 10 180 0 1
e-14-4 14 180 0 1
e-45-4 45 180 0 1
e-48-4 48 180 0 1
e-53-4 53 180 0 1
e-66-4 66 180 0 1
e-78-4 78 180 0 1
e-82-4 82 180 1 2
e-83-4 83 180 1 2
e-85-4 85 180 1 2
e-89-4 89 180 1 2
e-0-173 0 181 1 0
e-2-173 2 181 1 0
e-3-173 3 181 1 0
e-4-173 4 181 1 0
e-6-173 6 181 0 1
e-7-173 7 181 0 1
e-10-173 10 181 0 1
e-14-173 14 181 0 1
e-45-173 45 181 0 1
e-48-173 48 181 0 1
e-53-173 53 181 0 1
e-65-173 65 181 0 1
e-78-173 78 181 0 1
e-82-173 82 181 1 2
e-83-173 83 181 1 2
e-85-173 85 181 1 2
e-89-173 89 181 1 2
e-0-62 0 182 1 0
e-2-62 2 182 1 0
e-3-62 3 182 1 0
e-4-62 4 182 1 0
e-6-62 6 182 0 1
e-7-62 7 182 0 1
e-10-62 10 182 0 1
e-14-62 14 182 0 1
e-45-62 45 182 0 1
e-48-62 48 182 0 1
e-53-62 53 182 0 1
e-65-62 65 182 0 1
e-78-62 78 182 0 1
e-82-62 82 182 1 2
e-83-62 83 182 1 2
e-85-62 85 182 1 2
e-89-62 89 182 1 2
e-0-36 0 183 1 0
e-2-36 2 183 1 0
e-3-36 3 183 1 0
e-4-36 4 183 1 0
e-6-36 6 183 0 1
e-7-36 7 183 0 1
e-10-36 10 183 0 1
e-14-36 14 183 0 1
e-45-36 45 183 0 1
e-48-36 48 183 0 1
e-53-36 53 183 0 1
e-65-36 65 183 0 1
e-78-36 78 183 0 1
e-82-36 82 183 1 2
e-83-36 83 183 1 2
e-84-36 84 183 1 2
e-85-36 85 183 1 2
e-89-36 89 183 1 2
e-0-197 0 184 1 0
e-2-197 2 184 1 0
e-3-197 3 184 1 0
e-4-197 4 184 1 0
e-6-197 6 184 0 1
e-7-197 7 184 0 1
e-10-197 10 184 0 1
e-13-197 13 184 0 1
e-44-197 44 184 0 1
e-48-197 48 184 0 1
e-53-197 53 184 0 1
e-65-197 65 184 0 1
e-78-197 78 184 0 1
e-82-197 82 184 1 2
e-83-197 83 184 1 2
e-85-197 85 184 1 2
e-89-197 89 184 1 2
e-0-125 0 185 1 0
e-2-125 2 185 1 0
e-3-125 3 185 1 0
e-4-125 4 185 1 0
e-6-125 6 185 0 1
e-7-125 7 185 0 1
e-10-125 10 185 0 1
e-13-125 13 185 0 1
e-44-125 44 185 0 1
e-48-125 48 185 0 1
e-53-125 53 185 0 1
e-64-125 64 185 0 1
e-78-125 78 185 0 1
e-82-125 82 185 1 2
e-83-125 83 185 1 2
e-85-125 85 185 1 2
e-89-125 89 185 1 2
e-0-166 0 186 1 0
e-2-166 2 186 1 0
e-3-166 3 186 1 0
e-4-166 4 186 1 0
e-6-166 6 186 0 1
e-7-166 7 186 0 1
e-10-166 10 186 0 1
e-13-166 13 186 0 1
e-44-166 44 186 0 1
e-48-166 48 186 0 1
e-53-166 53 186 0 1
e-64-166 64 186 0 1
e-78-166 78 186 0 1
e-82-166 82 186 1 2
e-83-166 83 186 1 2
e-85-166 85 186 1 2
e-89-166 89 186 1 2
e-0-63 0 187 1 0
e-2-63 2 187 1 0
e-3-63 3 187 1 0
e-4-63 4 187 1 0
e-6-63 6 187 0 1
e-7-63 7 187 0 1
e-10-63 10 187 0 1
e-13-63 13 187 0 1
e-44-63 44 187 0 1
e-48-63 48 187 0 1
e-52-63 52 187 0 1
e-73-63 73 187 0 1
e-78-63 78 187 0 1
e-82-63 82 187 1 2
e-83-63 83 187 1 2
e-85-63 85 187 1 2
e-89-63 89 187 1 2
e-0-116 0 188 1 0
e-2-116 2 188 1 0
e-3-116 3 188 1 0
e-4-116 4 188 1 0
e-6-116 6 188 0 1
e-7-116 7 188 0 1
e-10-116 10 188 0 1
e-12-116 12 188 0 1
e-45-116 45 188 0 1
e-48-116 48 188 0 1
e-53-116 53 188 0 1
e-56-116 56 188 0 1
e-78-116 78 188 0 1
e-82-116 82 188 1 2
e-83-116 83 188 1 2
e-85-116 85 188 1 2
e-89-116 89 188 1 2
e-0-177 0 189 1 0
e-2-177 2 189 1 0
e-3-177 3 189 1 0
e-4-177 4 189 1 0
e-6-177 6 189 0 1
e-7-177 7 189 0 1
e-10-177 10 189 0 1
e-12-177 12 189 0 1
e-45-177 45 189 0 1
e-48-177 48 189 0 1
e-53-177 53 189 0 1
e-55-177 55 189 0 1
e-78-177 78 189 0 1
e-82-177 82 189 1 2
e-83-177 83 189 1 2
e-85-177 85 189 1 2
e-89-177 89 189 1 2
e-0-172 0 190 1 0
e-2-172 2 190 1 0
e-3-172 3 190 1 0
e-4-172 4 190 1 0
e-6-172 6 190 0 1
e-7-172 7 190 0 1
e-10-172 10 190 0 1
e-12-172 12 190 0 1
e-45-172 45 190 0 1
e-48-172 48 190 0 1
e-52-172 52 190 0 1
e-69-172 69 190 0 1
e-78-172 78 190 0 1
e-82-172 82 190 1 2
e-83-172 83 190 1 2
e-85-172 85 190 1 2
e-89-172 89 190 1 2
e-0-140 0 191 1 0
e-2-140 2 191 1 0
e-3-140 3 191 1 0
e-4-140 4 191 1 0
e-6-140 6 191 0 1
e-7-140 7 191 0 1
e-10-140 10 191 0 1
e-11-140 11 191 0 1
e-45-140 45 191 0 1
e-48-140 48 191 0 1
e-52-140 52 191 0 1
e-55-140 55 191 0 1
e-78-140 78 191 0 1
e-82-140 82 191 1 2
e-83-140 83 191 1 2
e-85-140 85 191 1 2
e-89-140 89 191 1 2
e-0-128 0 192 1 0
e-2-128 2 192 1 0
e-3-128 3 192 1 0
e-4-128 4 192 1 0
e-6-128 6 192 0 1
e-7-128 7 192 0 1
e-10-128 10 192 0 1
e-11-128 11 192 0 1
e-45-128 45 192 0 1
e-48-128 48 192 0 1
e-52-128 52 192 0 1
e-54-128 54 192 0 1
e-78-128 78 192 0 1
e-82-128 82 192 1 2
e-83-128 83 192 1 2
e-85-128 85 192 1 2
e-89-128 89 192 1 2
e-0-195 0 193 1 0
e-2-195 2 193 1 0
e-3-195 3 193 1 0
e-4-195 4 193 1 0
e-6-195 6 193 0 1
e-7-195 7 193 0 1
e-10-195 10 193 0 1
e-11-195 11 193 0 1
e-45-195 45 193 0 1
e-48-195 48 193 0 1
e-52-195 52 193 0 1
e-54-195 54 193 0 1
e-78-195 78 193 0 1
e-82-195 82 193 1 2
e-83-195 83 193 1 2
e-85-195 85 193 1 2
e-89-195 89 193 1 2
e-0-42 0 194 1 0
e-2-42 2 194 1 0
e-3-42 3 194 1 0
e-4-42 4 194 1 0
e-6-42 6 194 0 1
e-7-42 7 194 0 1
e-10-42 10 194 0 1
e-11-42 11 194 0 1
e-45-42 45 194 0 1
e-48-42 48 194 0 1
e-52-42 52 194 0 1
e-54-42 54 194 0 1
e-78-42 78 194 0 1
e-82-42 82 194 1 2
e-83-42 83 194 1 2
e-85-42 85 194 1 2
e-89-42 89 194 1 2
e-0-10 0 195 1 0
e-1-10 1 195 1 0
e-2-10 2 195 1 0
e-3-10 3 195 1 0
e-4-10 4 195 1 0
e-5-10 5 195 0 1
e-8-10 8 195 0 1
e-9-10 9 195 0 1
e-27-10 27 195 0 1
e-46-10 46 195 0 1
e-48-10 48 195 0 1
e-50-10 50 195 0 1
e-73-10 73 195 0 1
e-78-10 78 195 0 1
e-80-10 80 195 0 1
e-81-10 81 195 0 1
e-86-10 86 195 1 2
e-87-10 87 195 1 2
e-88-10 88 195 1 2
e-89-10 89 195 1 2
e-0-17 0 196 1 0
e-1-17 1 196 1 0
e-2-17 2 196 1 0
e-3-17 3 196 1 0
e-4-17 4 196 1 0
e-5-17 5 196 0 1
e-8-17 8 196 0 1
e-9-17 9 196 0 1
e-27-17 27 196 0 1
e-46-17 46 196 0 1
e-48-17 48 196 0 1
e-50-17 50 196 0 1
e-70-17 70 196 0 1
e-78-17 78 196 0 1
e-80-17 80 196 0 1
e-81-17 81 196 0 1
e-86-17 86 196 1 2
e-87-17 87 196 1 2
e-88-17 88 196 1 2
e-89-17 89 196 1 2
e-0-109 0 197 1 0
e-1-109 1 197 1 0
e-2-109 2 197 1 0
e-3-109 3 197 1 0
e-4-109 4 197 1 0
e-5-109 5 197 0 1
e-8-109 8 197 0 1
e-9-109 9 197 0 1
e-27-109 27 197 0 1
e-46-109 46 197 0 1
e-48-109 48 197 0 1
e-50-109 50 197 0 1
e-69-109 69 197 0 1
e-78-109 78 197 0 1
e-80-109 80 197 0 1
e-81-109 81 197 0 1
e-86-109 86 197 1 2
e-87-109 87 197 1 2
e-88-109 88 197 1 2
e-89-109 89 197 1 2
e-0-13 0 198 1 0
e-1-13 1 198 1 0
e-2-13 2 198 1 0
e-3-13 3 198 1 0
e-4-13 4 198 1 0
e-5-13 5 198 0 1
e-8-13 8 198 0 1
e-9-13 9 198 0 1
e-27-13 27 198 0 1
e-46-13 46 198 0 1
e-48-13 48 198 0 1
e-50-13 50 198 0 1
e-69-13 69 198 0 1
e-78-13 78 198 0 1
e-80-13 80 198 0 1
e-81-13 81 198 0 1
e-86-13 86 198 1 2
e-87-13 87 198 1 2
e-88-13 88 198 1 2
e-89-13 89 198 1 2
e-0-193 0 199 1 0
e-1-193 1 199 1 0
e-2-193 2 199 1 0
e-3-193 3 199 1 0
e-4-193 4 199 1 0
e-5-193 5 199 0 1
e-8-193 8 199 0 1
e-9-193 9 199 0 1
e-27-193 27 199 0 1
e-46-193 46 199 0 1
e-48-193 48 199 0 1
e-50-193 50 199 0 1
e-69-193 69 199 0 1
e-78-193 78 199 0 1
e-80-193 80 199 0 1
e-81-193 81 199 0 1
e-86-193 86 199 1 2
e-87-193 87 199 1 2
e-88-193 88 199 1 2
e-89-193 89 199 1 2
