e-0-119 0 0 1 0
e-2-119 2 0 1 0
e-3-119 3 0 1 0
e-4-119 4 0 1 0
e-6-119 6 0 0 1
e-7-119 7 0 0 1
e-10-119 10 0 0 1
e-40-119 40 0 0 1
e-44-119 44 0 0 1
e-47-119 47 0 0 1
e-52-119 52 0 0 1
e-62-119 62 0 0 1
e-78-119 78 0 0 1
e-82-119 82 0 1 2
e-83-119 83 0 1 2
e-85-119 85 0 1 2
e-89-119 89 0 1 2
e-0-84 0 1 1 0
e-2-84 2 1 1 0
e-3-84 3 1 1 0
e-4-84 4 1 1 0
e-6-84 6 1 0 1
e-7-84 7 1 0 1
e-10-84 10 1 0 1
e-40-84 40 1 0 1
e-43-84 43 1 0 1
e-48-84 48 1 0 1
e-53-84 53 1 0 1
e-61-84 61 1 0 1
e-78-84 78 1 0 1
e-82-84 82 1 1 2
e-83-84 83 1 1 2
e-85-84 85 1 1 2
e-89-84 89 1 1 2
e-0-136 0 1 1 0
e-2-136 2 1 1 0
e-3-136 3 1 1 0
e-4-136 4 1 1 0
e-6-136 6 1 0 1
e-7-136 7 1 0 1
e-10-136 10 1 0 1
e-40-136 40 1 0 1
e-43-136 43 1 0 1
e-48-136 48 1 0 1
e-53-136 53 1 0 1
e-61-136 61 1 0 1
e-78-136 78 1 0 1
e-82-136 82 1 1 2
e-83-136 83 1 1 2
e-85-136 85 1 1 2
e-89-136 89 1 1 2
e-0-154 0 1 1 0
e-2-154 2 1 1 0
e-3-154 3 1 1 0
e-4-154 4 1 1 0
e-6-154 6 1 0 1
e-7-154 7 1 0 1
e-10-154 10 1 0 1
e-40-154 40 1 0 1
e-43-154 43 1 0 1
e-48-154 48 1 0 1
e-53-154 53 1 0 1
e-61-154 61 1 0 1
e-78-154 78 1 0 1
e-82-154 82 1 1 2
e-83-154 83 1 1 2
e-85-154 85 1 1 2
e-89-154 89 1 1 2
e-0-162 0 2 1 0
e-2-162 2 2 1 0
e-3-162 3 2 1 0
e-4-162 4 2 1 0
e-6-162 6 2 0 1
e-7-162 7 2 0 1
e-10-162 10 2 0 1
e-40-162 40 2 0 1
e-43-162 43 2 0 1
e-48-162 48 2 0 1
e-53-162 53 2 0 1
e-60-162 60 2 0 1
e-78-162 78 2 0 1
e-82-162 82 2 1 2
e-83-162 83 2 1 2
e-85-162 85 2 1 2
e-89-162 89 2 1 2
e-0-15 0 3 1 0
e-2-15 2 3 1 0
e-3-15 3 3 1 0
e-4-15 4 3 1 0
e-6-15 6 3 0 1
e-7-15 7 3 0 1
e-10-15 10 3 0 1
e-40-15 40 3 0 1
e-42-15 42 3 0 1
e-49-15 49 3 0 1
e-52-15 52 3 0 1
e-72-15 72 3 0 1
e-77-15 77 3 0 1
e-82-15 82 3 1 2
e-83-15 83 3 1 2
e-85-15 85 3 1 2
e-89-15 89 3 1 2
e-0-152 0 3 1 0
e-2-152 2 3 1 0
e-3-152 3 3 1 0
e-4-152 4 3 1 0
e-6-152 6 3 0 1
e-7-152 7 3 0 1
e-10-152 10 3 0 1
e-40-152 40 3 0 1
e-42-152 42 3 0 1
e-49-152 49 3 0 1
e-52-152 52 3 0 1
e-72-152 72 3 0 1
e-77-152 77 3 0 1
e-82-152 82 3 1 2
e-83-152 83 3 1 2
e-85-152 85 3 1 2
e-89-152 89 3 1 2
e-0-199 0 3 1 0
e-2-199 2 3 1 0
e-3-199 3 3 1 0
e-4-199 4 3 1 0
e-6-199 6 3 0 1
e-7-199 7 3 0 1
e-10-199 10 3 0 1
e-40-199 40 3 0 1
e-42-199 42 3 0 1
e-49-199 49 3 0 1
e-52-199 52 3 0 1
e-72-199 72 3 0 1
e-77-199 77 3 0 1
e-82-199 82 3 1 2
e-83-199 83 3 1 2
e-85-199 85 3 1 2
e-89-199 89 3 1 2
e-0-122 0 4 1 0
e-2-122 2 4 1 0
e-3-122 3 4 1 0
e-4-122 4 4 1 0
e-6-122 6 4 0 1
e-7-122 7 4 0 1
e-10-122 10 4 0 1
e-40-122 40 4 0 1
e-42-122 42 4 0 1
e-49-122 49 4 0 1
e-52-122 52 4 0 1
e-61-122 61 4 0 1
e-78-122 78 4 0 1
e-82-122 82 4 1 2
e-83-122 83 4 1 2
e-84-122 84 4 1 2
e-85-122 85 4 1 2
e-89-122 89 4 1 2
e-0-32 0 5 1 0
e-2-32 2 5 1 0
e-3-32 3 5 1 0
e-4-32 4 5 1 0
e-6-32 6 5 0 1
e-7-32 7 5 0 1
e-10-32 10 5 0 1
e-40-32 40 5 0 1
e-42-32 42 5 0 1
e-49-32 49 5 0 1
e-51-32 51 5 0 1
e-72-32 72 5 0 1
e-77-32 77 5 0 1
e-82-32 82 5 1 2
e-83-32 83 5 1 2
e-85-32 85 5 1 2
e-89-32 89 5 1 2
e-0-64 0 5 1 0
e-2-64 2 5 1 0
e-3-64 3 5 1 0
e-4-64 4 5 1 0
e-6-64 6 5 0 1
e-7-64 7 5 0 1
e-10-64 10 5 0 1
e-40-64 40 5 0 1
e-42-64 42 5 0 1
e-49-64 49 5 0 1
e-51-64 51 5 0 1
e-72-64 72 5 0 1
e-77-64 77 5 0 1
e-82-64 82 5 1 2
e-83-64 83 5 1 2
e-84-64 84 5 1 2
e-85-64 85 5 1 2
e-89-64 89 5 1 2
e-0-19 0 6 1 0
e-2-19 2 6 1 0
e-3-19 3 6 1 0
e-4-19 4 6 1 0
e-6-19 6 6 0 1
e-7-19 7 6 0 1
e-10-19 10 6 0 1
e-40-19 40 6 0 1
e-42-19 42 6 0 1
e-49-19 49 6 0 1
e-51-19 51 6 0 1
e-61-19 61 6 0 1
e-78-19 78 6 0 1
e-82-19 82 6 1 2
e-83-19 83 6 1 2
e-85-19 85 6 1 2
e-89-19 89 6 1 2
e-0-142 0 6 1 0
e-2-142 2 6 1 0
e-3-142 3 6 1 0
e-4-142 4 6 1 0
e-6-142 6 6 0 1
e-7-142 7 6 0 1
e-10-142 10 6 0 1
e-40-142 40 6 0 1
e-42-142 42 6 0 1
e-49-142 49 6 0 1
e-51-142 51 6 0 1
e-61-142 61 6 0 1
e-78-142 78 6 0 1
e-82-142 82 6 1 2
e-83-142 83 6 1 2
e-85-142 85 6 1 2
e-89-142 89 6 1 2
e-0-146 0 6 1 0
e-2-146 2 6 1 0
e-3-146 3 6 1 0
e-4-146 4 6 1 0
e-6-146 6 6 0 1
e-7-146 7 6 0 1
e-10-146 10 6 0 1
e-40-146 40 6 0 1
e-42-146 42 6 0 1
e-49-146 49 6 0 1
e-51-146 51 6 0 1
e-61-146 61 6 0 1
e-78-146 78 6 0 1
e-82-146 82 6 1 2
e-83-146 83 6 1 2
e-85-146 85 6 1 2
e-89-146 89 6 1 2
e-0-5 0 7 1 0
e-2-5 2 7 1 0
e-3-5 3 7 1 0
e-4-5 4 7 1 0
e-6-5 6 7 0 1
e-7-5 7 7 0 1
e-10-5 10 7 0 1
e-40-5 40 7 0 1
e-42-5 42 7 0 1
e-49-5 49 7 0 1
e-50-5 50 7 0 1
e-70-5 70 7 0 1
e-78-5 78 7 0 1
e-82-5 82 7 1 2
e-83-5 83 7 1 2
e-85-5 85 7 1 2
e-89-5 89 7 1 2
e-0-73 0 7 1 0
e-2-73 2 7 1 0
e-3-73 3 7 1 0
e-4-73 4 7 1 0
e-6-73 6 7 0 1
e-7-73 7 7 0 1
e-10-73 10 7 0 1
e-40-73 40 7 0 1
e-42-73 42 7 0 1
e-49-73 49 7 0 1
e-50-73 50 7 0 1
e-70-73 70 7 0 1
e-78-73 78 7 0 1
e-82-73 82 7 1 2
e-83-73 83 7 1 2
e-85-73 85 7 1 2
e-89-73 89 7 1 2
e-0-168 0 7 1 0
e-2-168 2 7 1 0
e-3-168 3 7 1 0
e-4-168 4 7 1 0
e-6-168 6 7 0 1
e-7-168 7 7 0 1
e-10-168 10 7 0 1
e-40-168 40 7 0 1
e-42-168 42 7 0 1
e-49-168 49 7 0 1
e-50-168 50 7 0 1
e-70-168 70 7 0 1
e-78-168 78 7 0 1
e-82-168 82 7 1 2
e-83-168 83 7 1 2
e-85-168 85 7 1 2
e-89-168 89 7 1 2
e-0-178 0 7 1 0
e-2-178 2 7 1 0
e-3-178 3 7 1 0
e-4-178 4 7 1 0
e-6-178 6 7 0 1
e-7-178 7 7 0 1
e-10-178 10 7 0 1
e-40-178 40 7 0 1
e-42-178 42 7 0 1
e-49-178 49 7 0 1
e-50-178 50 7 0 1
e-70-178 70 7 0 1
e-78-178 78 7 0 1
e-82-178 82 7 1 2
e-83-178 83 7 1 2
e-84-178 84 7 1 2
e-85-178 85 7 1 2
e-89-178 89 7 1 2
e-0-6 0 8 1 0
e-2-6 2 8 1 0
e-3-6 3 8 1 0
e-4-6 4 8 1 0
e-6-6 6 8 0 1
e-7-6 7 8 0 1
e-10-6 10 8 0 1
e-40-6 40 8 0 1
e-42-6 42 8 0 1
e-48-6 48 8 0 1
e-53-6 53 8 0 1
e-76-6 76 8 0 1
e-78-6 78 8 0 1
e-82-6 82 8 1 2
e-83-6 83 8 1 2
e-85-6 85 8 1 2
e-89-6 89 8 1 2
e-0-54 0 8 1 0
e-2-54 2 8 1 0
e-3-54 3 8 1 0
e-4-54 4 8 1 0
e-6-54 6 8 0 1
e-7-54 7 8 0 1
e-10-54 10 8 0 1
e-40-54 40 8 0 1
e-42-54 42 8 0 1
e-48-54 48 8 0 1
e-53-54 53 8 0 1
e-76-54 76 8 0 1
e-78-54 78 8 0 1
e-82-54 82 8 1 2
e-83-54 83 8 1 2
e-85-54 85 8 1 2
e-89-54 89 8 1 2
e-0-57 0 8 1 0
e-2-57 2 8 1 0
e-3-57 3 8 1 0
e-4-57 4 8 1 0
e-6-57 6 8 0 1
e-7-57 7 8 0 1
e-10-57 10 8 0 1
e-40-57 40 8 0 1
e-42-57 42 8 0 1
e-48-57 48 8 0 1
e-53-57 53 8 0 1
e-76-57 76 8 0 1
e-78-57 78 8 0 1
e-82-57 82 8 1 2
e-83-57 83 8 1 2
e-85-57 85 8 1 2
e-89-57 89 8 1 2
e-0-106 0 8 1 0
e-2-106 2 8 1 0
e-3-106 3 8 1 0
e-4-106 4 8 1 0
e-6-106 6 8 0 1
e-7-106 7 8 0 1
e-10-106 10 8 0 1
e-40-106 40 8 0 1
e-42-106 42 8 0 1
e-48-106 48 8 0 1
e-53-106 53 8 0 1
e-76-106 76 8 0 1
e-78-106 78 8 0 1
e-83-106 83 8 1 2
e-85-106 85 8 1 2
e-89-106 89 8 1 2
e-0-160 0 8 1 0
e-2-160 2 8 1 0
e-3-160 3 8 1 0
e-4-160 4 8 1 0
e-6-160 6 8 0 1
e-7-160 7 8 0 1
e-10-160 10 8 0 1
e-40-160 40 8 0 1
e-42-160 42 8 0 1
e-48-160 48 8 0 1
e-53-160 53 8 0 1
e-76-160 76 8 0 1
e-78-160 78 8 0 1
e-82-160 82 8 1 2
e-83-160 83 8 1 2
e-84-160 84 8 1 2
e-85-160 85 8 1 2
e-89-160 89 8 1 2
e-0-81 0 9 1 0
e-2-81 2 9 1 0
e-3-81 3 9 1 0
e-4-81 4 9 1 0
e-6-81 6 9 0 1
e-7-81 7 9 0 1
e-10-81 10 9 0 1
e-40-81 40 9 0 1
e-42-81 42 9 0 1
e-48-81 48 9 0 1
e-53-81 53 9 0 1
e-70-81 70 9 0 1
e-78-81 78 9 0 1
e-82-81 82 9 1 2
e-83-81 83 9 1 2
e-84-81 84 9 1 2
e-85-81 85 9 1 2
e-89-81 89 9 1 2
e-0-174 0 9 1 0
e-2-174 2 9 1 0
e-3-174 3 9 1 0
e-4-174 4 9 1 0
e-6-174 6 9 0 1
e-7-174 7 9 0 1
e-10-174 10 9 0 1
e-40-174 40 9 0 1
e-42-174 42 9 0 1
e-48-174 48 9 0 1
e-53-174 53 9 0 1
e-70-174 70 9 0 1
e-78-174 78 9 0 1
e-82-174 82 9 1 2
e-83-174 83 9 1 2
e-84-174 84 9 1 2
e-85-174 85 9 1 2
e-89-174 89 9 1 2
e-0-176 0 9 1 0
e-2-176 2 9 1 0
e-3-176 3 9 1 0
e-4-176 4 9 1 0
e-6-176 6 9 0 1
e-7-176 7 9 0 1
e-10-176 10 9 0 1
e-40-176 40 9 0 1
e-42-176 42 9 0 1
e-48-176 48 9 0 1
e-53-176 53 9 0 1
e-70-176 70 9 0 1
e-78-176 78 9 0 1
e-82-176 82 9 1 2
e-83-176 83 9 1 2
e-85-176 85 9 1 2
e-89-176 89 9 1 2
e-0-93 0 10 1 0
e-2-93 2 10 1 0
e-3-93 3 10 1 0
e-4-93 4 10 1 0
e-6-93 6 10 0 1
e-7-93 7 10 0 1
e-10-93 10 10 0 1
e-40-93 40 10 0 1
e-42-93 42 10 0 1
e-48-93 48 10 0 1
e-53-93 53 10 0 1
e-65-93 65 10 0 1
e-78-93 78 10 0 1
e-82-93 82 10 1 2
e-83-93 83 10 1 2
e-84-93 84 10 1 2
e-85-93 85 10 1 2
e-89-93 89 10 1 2
e-0-25 0 11 1 0
e-2-25 2 11 1 0
e-3-25 3 11 1 0
e-4-25 4 11 1 0
e-6-25 6 11 0 1
e-7-25 7 11 0 1
e-10-25 10 11 0 1
e-40-25 40 11 0 1
e-42-25 42 11 0 1
e-48-25 48 11 0 1
e-53-25 53 11 0 1
e-59-25 59 11 0 1
e-78-25 78 11 0 1
e-82-25 82 11 1 2
e-83-25 83 11 1 2
e-85-25 85 11 1 2
e-89-25 89 11 1 2
e-0-30 0 11 1 0
e-2-30 2 11 1 0
e-3-30 3 11 1 0
e-4-30 4 11 1 0
e-6-30 6 11 0 1
e-7-30 7 11 0 1
e-10-30 10 11 0 1
e-40-30 40 11 0 1
e-42-30 42 11 0 1
e-48-30 48 11 0 1
e-53-30 53 11 0 1
e-59-30 59 11 0 1
e-78-30 78 11 0 1
e-82-30 82 11 1 2
e-83-30 83 11 1 2
e-85-30 85 11 1 2
e-89-30 89 11 1 2
e-0-33 0 11 1 0
e-2-33 2 11 1 0
e-3-33 3 11 1 0
e-4-33 4 11 1 0
e-6-33 6 11 0 1
e-7-33 7 11 0 1
e-10-33 10 11 0 1
e-40-33 40 11 0 1
e-42-33 42 11 0 1
e-48-33 48 11 0 1
e-53-33 53 11 0 1
e-59-33 59 11 0 1
e-78-33 78 11 0 1
e-82-33 82 11 1 2
e-83-33 83 11 1 2
e-85-33 85 11 1 2
e-89-33 89 11 1 2
e-0-112 0 12 1 0
e-2-112 2 12 1 0
e-3-112 3 12 1 0
e-4-112 4 12 1 0
e-6-112 6 12 0 1
e-7-112 7 12 0 1
e-10-112 10 12 0 1
e-40-112 40 12 0 1
e-42-112 42 12 0 1
e-48-112 48 12 0 1
e-52-112 52 12 0 1
e-74-112 74 12 0 1
e-77-112 77 12 0 1
e-82-112 82 12 1 2
e-83-112 83 12 1 2
e-85-112 85 12 1 2
e-89-112 89 12 1 2
e-0-121 0 12 1 0
e-2-121 2 12 1 0
e-3-121 3 12 1 0
e-4-121 4 12 1 0
e-6-121 6 12 0 1
e-7-121 7 12 0 1
e-10-121 10 12 0 1
e-40-121 40 12 0 1
e-42-121 42 12 0 1
e-48-121 48 12 0 1
e-52-121 52 12 0 1
e-74-121 74 12 0 1
e-77-121 77 12 0 1
e-82-121 82 12 1 2
e-83-121 83 12 1 2
e-85-121 85 12 1 2
e-89-121 89 12 1 2
e-0-175 0 12 1 0
e-2-175 2 12 1 0
e-3-175 3 12 1 0
e-4-175 4 12 1 0
e-6-175 6 12 0 1
e-7-175 7 12 0 1
e-10-175 10 12 0 1
e-40-175 40 12 0 1
e-42-175 42 12 0 1
e-48-175 48 12 0 1
e-52-175 52 12 0 1
e-74-175 74 12 0 1
e-77-175 77 12 0 1
e-82-175 82 12 1 2
e-83-175 83 12 1 2
e-85-175 85 12 1 2
e-89-175 89 12 1 2
e-0-3 0 13 1 0
e-2-3 2 13 1 0
e-3-3 3 13 1 0
e-4-3 4 13 1 0
e-6-3 6 13 0 1
e-7-3 7 13 0 1
e-10-3 10 13 0 1
e-40-3 40 13 0 1
e-42-3 42 13 0 1
e-48-3 48 13 0 1
e-52-3 52 13 0 1
e-69-3 69 13 0 1
e-78-3 78 13 0 1
e-82-3 82 13 1 2
e-83-3 83 13 1 2
e-85-3 85 13 1 2
e-89-3 89 13 1 2
e-0-156 0 13 1 0
e-2-156 2 13 1 0
e-3-156 3 13 1 0
e-4-156 4 13 1 0
e-6-156 6 13 0 1
e-7-156 7 13 0 1
e-10-156 10 13 0 1
e-40-156 40 13 0 1
e-42-156 42 13 0 1
e-48-156 48 13 0 1
e-52-156 52 13 0 1
e-69-156 69 13 0 1
e-78-156 78 13 0 1
e-82-156 82 13 1 2
e-83-156 83 13 1 2
e-85-156 85 13 1 2
e-89-156 89 13 1 2
e-0-92 0 14 1 0
e-2-92 2 14 1 0
e-3-92 3 14 1 0
e-4-92 4 14 1 0
e-6-92 6 14 0 1
e-7-92 7 14 0 1
e-10-92 10 14 0 1
e-40-92 40 14 0 1
e-42-92 42 14 0 1
e-48-92 48 14 0 1
e-52-92 52 14 0 1
e-64-92 64 14 0 1
e-78-92 78 14 0 1
e-82-92 82 14 1 2
e-83-92 83 14 1 2
e-85-92 85 14 1 2
e-89-92 89 14 1 2
e-0-134 0 14 1 0
e-2-134 2 14 1 0
e-3-134 3 14 1 0
e-4-134 4 14 1 0
e-6-134 6 14 0 1
e-7-134 7 14 0 1
e-10-134 10 14 0 1
e-40-134 40 14 0 1
e-42-134 42 14 0 1
e-48-134 48 14 0 1
e-52-134 52 14 0 1
e-64-134 64 14 0 1
e-78-134 78 14 0 1
e-82-134 82 14 1 2
e-83-134 83 14 1 2
e-85-134 85 14 1 2
e-89-134 89 14 1 2
e-0-89 0 15 1 0
e-2-89 2 15 1 0
e-3-89 3 15 1 0
e-4-89 4 15 1 0
e-6-89 6 15 0 1
e-7-89 7 15 0 1
e-10-89 10 15 0 1
e-40-89 40 15 0 1
e-42-89 42 15 0 1
e-48-89 48 15 0 1
e-52-89 52 15 0 1
e-56-89 56 15 0 1
e-78-89 78 15 0 1
e-82-89 82 15 1 2
e-83-89 83 15 1 2
e-85-89 85 15 1 2
e-89-89 89 15 1 2
e-0-52 0 16 1 0
e-2-52 2 16 1 0
e-3-52 3 16 1 0
e-4-52 4 16 1 0
e-6-52 6 16 0 1
e-7-52 7 16 0 1
e-10-52 10 16 0 1
e-40-52 40 16 0 1
e-42-52 42 16 0 1
e-48-52 48 16 0 1
e-50-52 50 16 0 1
e-73-52 73 16 0 1
e-78-52 78 16 0 1
e-82-52 82 16 1 2
e-83-52 83 16 1 2
e-85-52 85 16 1 2
e-89-52 89 16 1 2
e-0-87 0 16 1 0
e-2-87 2 16 1 0
e-3-87 3 16 1 0
e-4-87 4 16 1 0
e-6-87 6 16 0 1
e-7-87 7 16 0 1
e-10-87 10 16 0 1
e-40-87 40 16 0 1
e-42-87 42 16 0 1
e-48-87 48 16 0 1
e-50-87 50 16 0 1
e-73-87 73 16 0 1
e-78-87 78 16 0 1
e-82-87 82 16 1 2
e-83-87 83 16 1 2
e-85-87 85 16 1 2
e-89-87 89 16 1 2
e-0-107 0 16 1 0
e-2-107 2 16 1 0
e-3-107 3 16 1 0
e-4-107 4 16 1 0
e-6-107 6 16 0 1
e-7-107 7 16 0 1
e-10-107 10 16 0 1
e-40-107 40 16 0 1
e-42-107 42 16 0 1
e-48-107 48 16 0 1
e-50-107 50 16 0 1
e-73-107 73 16 0 1
e-78-107 78 16 0 1
e-82-107 82 16 1 2
e-83-107 83 16 1 2
e-84-107 84 16 1 2
e-85-107 85 16 1 2
e-89-107 89 16 1 2
e-0-124 0 16 1 0
e-2-124 2 16 1 0
e-3-124 3 16 1 0
e-4-124 4 16 1 0
e-6-124 6 16 0 1
e-7-124 7 16 0 1
e-10-124 10 16 0 1
e-40-124 40 16 0 1
e-42-124 42 16 0 1
e-48-124 48 16 0 1
e-50-124 50 16 0 1
e-73-124 73 16 0 1
e-78-124 78 16 0 1
e-82-124 82 16 1 2
e-83-124 83 16 1 2
e-85-124 85 16 1 2
e-89-124 89 16 1 2
e-0-190 0 16 1 0
e-2-190 2 16 1 0
e-3-190 3 16 1 0
e-4-190 4 16 1 0
e-6-190 6 16 0 1
e-7-190 7 16 0 1
e-10-190 10 16 0 1
e-40-190 40 16 0 1
e-42-190 42 16 0 1
e-48-190 48 16 0 1
e-50-190 50 16 0 1
e-73-190 73 16 0 1
e-78-190 78 16 0 1
e-82-190 82 16 1 2
e-83-190 83 16 1 2
e-85-190 85 16 1 2
e-89-190 89 16 1 2
e-0-101 0 17 1 0
e-2-101 2 17 1 0
e-3-101 3 17 1 0
e-4-101 4 17 1 0
e-6-101 6 17 0 1
e-7-101 7 17 0 1
e-10-101 10 17 0 1
e-40-101 40 17 0 1
e-42-101 42 17 0 1
e-48-101 48 17 0 1
e-50-101 50 17 0 1
e-66-101 66 17 0 1
e-78-101 78 17 0 1
e-82-101 82 17 1 2
e-83-101 83 17 1 2
e-85-101 85 17 1 2
e-89-101 89 17 1 2
e-0-96 0 18 1 0
e-2-96 2 18 1 0
e-3-96 3 18 1 0
e-4-96 4 18 1 0
e-6-96 6 18 0 1
e-7-96 7 18 0 1
e-10-96 10 18 0 1
e-40-96 40 18 0 1
e-42-96 42 18 0 1
e-48-96 48 18 0 1
e-50-96 50 18 0 1
e-58-96 58 18 0 1
e-78-96 78 18 0 1
e-82-96 82 18 1 2
e-83-96 83 18 1 2
e-85-96 85 18 1 2
e-89-96 89 18 1 2
e-0-161 0 18 1 0
e-2-161 2 18 1 0
e-3-161 3 18 1 0
e-4-161 4 18 1 0
e-6-161 6 18 0 1
e-7-161 7 18 0 1
e-10-161 10 18 0 1
e-40-161 40 18 0 1
e-42-161 42 18 0 1
e-48-161 48 18 0 1
e-50-161 50 18 0 1
e-58-161 58 18 0 1
e-78-161 78 18 0 1
e-82-161 82 18 1 2
e-83-161 83 18 1 2
e-84-161 84 18 1 2
e-85-161 85 18 1 2
e-89-161 89 18 1 2
e-0-185 0 18 1 0
e-2-185 2 18 1 0
e-3-185 3 18 1 0
e-4-185 4 18 1 0
e-6-185 6 18 0 1
e-7-185 7 18 0 1
e-10-185 10 18 0 1
e-40-185 40 18 0 1
e-42-185 42 18 0 1
e-48-185 48 18 0 1
e-50-185 50 18 0 1
e-58-185 58 18 0 1
e-78-185 78 18 0 1
e-82-185 82 18 1 2
e-83-185 83 18 1 2
e-85-185 85 18 1 2
e-89-185 89 18 1 2
e-0-95 0 19 1 0
e-2-95 2 19 1 0
e-3-95 3 19 1 0
e-4-95 4 19 1 0
e-6-95 6 19 0 1
e-7-95 7 19 0 1
e-10-95 10 19 0 1
e-40-95 40 19 0 1
e-41-95 41 19 0 1
e-49-95 49 19 0 1
e-52-95 52 19 0 1
e-73-95 73 19 0 1
e-78-95 78 19 0 1
e-82-95 82 19 1 2
e-83-95 83 19 1 2
e-85-95 85 19 1 2
e-89-95 89 19 1 2
e-0-111 0 20 1 0
e-2-111 2 20 1 0
e-3-111 3 20 1 0
e-4-111 4 20 1 0
e-6-111 6 20 0 1
e-7-111 7 20 0 1
e-10-111 10 20 0 1
e-40-111 40 20 0 1
e-41-111 41 20 0 1
e-49-111 49 20 0 1
e-52-111 52 20 0 1
e-73-111 73 20 0 1
e-77-111 77 20 0 1
e-82-111 82 20 1 2
e-83-111 83 20 1 2
e-85-111 85 20 1 2
e-89-111 89 20 1 2
e-0-67 0 21 1 0
e-2-67 2 21 1 0
e-3-67 3 21 1 0
e-4-67 4 21 1 0
e-6-67 6 21 0 1
e-7-67 7 21 0 1
e-10-67 10 21 0 1
e-39-67 39 21 0 1
e-44-67 44 21 0 1
e-48-67 48 21 0 1
e-53-67 53 21 0 1
e-68-67 68 21 0 1
e-78-67 78 21 0 1
e-82-67 82 21 1 2
e-83-67 83 21 1 2
e-85-67 85 21 1 2
e-89-67 89 21 1 2
e-0-72 0 22 1 0
e-2-72 2 22 1 0
e-3-72 3 22 1 0
e-4-72 4 22 1 0
e-6-72 6 22 0 1
e-7-72 7 22 0 1
e-10-72 10 22 0 1
e-39-72 39 22 0 1
e-44-72 44 22 0 1
e-48-72 48 22 0 1
e-53-72 53 22 0 1
e-66-72 66 22 0 1
e-78-72 78 22 0 1
e-82-72 82 22 1 2
e-83-72 83 22 1 2
e-85-72 85 22 1 2
e-89-72 89 22 1 2
e-0-65 0 23 1 0
e-2-65 2 23 1 0
e-3-65 3 23 1 0
e-4-65 4 23 1 0
e-6-65 6 23 0 1
e-7-65 7 23 0 1
e-10-65 10 23 0 1
e-39-65 39 23 0 1
e-44-65 44 23 0 1
e-48-65 48 23 0 1
e-53-65 53 23 0 1
e-65-65 65 23 0 1
e-78-65 78 23 0 1
e-82-65 82 23 1 2
e-83-65 83 23 1 2
e-85-65 85 23 1 2
e-89-65 89 23 1 2
e-0-169 0 24 1 0
e-2-169 2 24 1 0
e-3-169 3 24 1 0
e-4-169 4 24 1 0
e-6-169 6 24 0 1
e-7-169 7 24 0 1
e-10-169 10 24 0 1
e-38-169 38 24 0 1
e-45-169 45 24 0 1
e-48-169 48 24 0 1
e-53-169 53 24 0 1
e-63-169 63 24 0 1
e-78-169 78 24 0 1
e-82-169 82 24 1 2
e-83-169 83 24 1 2
e-85-169 85 24 1 2
e-89-169 89 24 1 2
e-0-11 0 25 1 0
e-2-11 2 25 1 0
e-3-11 3 25 1 0
e-4-11 4 25 1 0
e-6-11 6 25 0 1
e-7-11 7 25 0 1
e-10-11 10 25 0 1
e-38-11 38 25 0 1
e-45-11 45 25 0 1
e-48-11 48 25 0 1
e-53-11 53 25 0 1
e-61-11 61 25 0 1
e-78-11 78 25 0 1
e-82-11 82 25 1 2
e-83-11 83 25 1 2
e-84-11 84 25 1 2
e-85-11 85 25 1 2
e-89-11 89 25 1 2
e-0-144 0 25 1 0
e-2-144 2 25 1 0
e-3-144 3 25 1 0
e-4-144 4 25 1 0
e-6-144 6 25 0 1
e-7-144 7 25 0 1
e-10-144 10 25 0 1
e-38-144 38 25 0 1
e-45-144 45 25 0 1
e-48-144 48 25 0 1
e-53-144 53 25 0 1
e-61-144 61 25 0 1
e-78-144 78 25 0 1
e-82-144 82 25 1 2
e-83-144 83 25 1 2
e-85-144 85 25 1 2
e-89-144 89 25 1 2
e-0-171 0 25 1 0
e-2-171 2 25 1 0
e-3-171 3 25 1 0
e-4-171 4 25 1 0
e-6-171 6 25 0 1
e-7-171 7 25 0 1
e-10-171 10 25 0 1
e-38-171 38 25 0 1
e-45-171 45 25 0 1
e-48-171 48 25 0 1
e-53-171 53 25 0 1
e-61-171 61 25 0 1
e-78-171 78 25 0 1
e-82-171 82 25 1 2
e-83-171 83 25 1 2
e-85-171 85 25 1 2
e-89-171 89 25 1 2
e-0-99 0 26 1 0
e-2-99 2 26 1 0
e-3-99 3 26 1 0
e-4-99 4 26 1 0
e-6-99 6 26 0 1
e-7-99 7 26 0 1
e-10-99 10 26 0 1
e-38-99 38 26 0 1
e-45-99 45 26 0 1
e-48-99 48 26 0 1
e-53-99 53 26 0 1
e-57-99 57 26 0 1
e-79-99 79 26 0 1
e-82-99 82 26 1 2
e-83-99 83 26 1 2
e-85-99 85 26 1 2
e-89-99 89 26 1 2
e-0-21 0 27 1 0
e-2-21 2 27 1 0
e-3-21 3 27 1 0
e-4-21 4 27 1 0
e-6-21 6 27 0 1
e-7-21 7 27 0 1
e-10-21 10 27 0 1
e-37-21 37 27 0 1
e-44-21 44 27 0 1
e-49-21 49 27 0 1
e-52-21 52 27 0 1
e-75-21 75 27 0 1
e-78-21 78 27 0 1
e-82-21 82 27 1 2
e-83-21 83 27 1 2
e-85-21 85 27 1 2
e-89-21 89 27 1 2
e-0-182 0 28 1 0
e-2-182 2 28 1 0
e-3-182 3 28 1 0
e-4-182 4 28 1 0
e-6-182 6 28 0 1
e-7-182 7 28 0 1
e-10-182 10 28 0 1
e-37-182 37 28 0 1
e-44-182 44 28 0 1
e-49-182 49 28 0 1
e-52-182 52 28 0 1
e-74-182 74 28 0 1
e-78-182 78 28 0 1
e-82-182 82 28 1 2
e-83-182 83 28 1 2
e-85-182 85 28 1 2
e-89-182 89 28 1 2
e-0-117 0 29 1 0
e-2-117 2 29 1 0
e-3-117 3 29 1 0
e-4-117 4 29 1 0
e-6-117 6 29 0 1
e-7-117 7 29 0 1
e-10-117 10 29 0 1
e-37-117 37 29 0 1
e-44-117 44 29 0 1
e-49-117 49 29 0 1
e-52-117 52 29 0 1
e-71-117 71 29 0 1
e-78-117 78 29 0 1
e-82-117 82 29 1 2
e-83-117 83 29 1 2
e-85-117 85 29 1 2
e-89-117 89 29 1 2
e-0-196 0 29 1 0
e-2-196 2 29 1 0
e-3-196 3 29 1 0
e-4-196 4 29 1 0
e-6-196 6 29 0 1
e-7-196 7 29 0 1
e-10-196 10 29 0 1
e-37-196 37 29 0 1
e-44-196 44 29 0 1
e-49-196 49 29 0 1
e-52-196 52 29 0 1
e-71-196 71 29 0 1
e-78-196 78 29 0 1
e-82-196 82 29 1 2
e-83-196 83 29 1 2
e-85-196 85 29 1 2
e-89-196 89 29 1 2
e-0-103 0 30 1 0
e-2-103 2 30 1 0
e-3-103 3 30 1 0
e-4-103 4 30 1 0
e-6-103 6 30 0 1
e-7-103 7 30 0 1
e-10-103 10 30 0 1
e-36-103 36 30 0 1
e-44-103 44 30 0 1
e-48-103 48 30 0 1
e-53-103 53 30 0 1
e-63-103 63 30 0 1
e-78-103 78 30 0 1
e-82-103 82 30 1 2
e-83-103 83 30 1 2
e-85-103 85 30 1 2
e-89-103 89 30 1 2
e-0-12 0 31 1 0
e-2-12 2 31 1 0
e-3-12 3 31 1 0
e-4-12 4 31 1 0
e-6-12 6 31 0 1
e-7-12 7 31 0 1
e-10-12 10 31 0 1
e-36-12 36 31 0 1
e-44-12 44 31 0 1
e-48-12 48 31 0 1
e-53-12 53 31 0 1
e-59-12 59 31 0 1
e-78-12 78 31 0 1
e-82-12 82 31 1 2
e-83-12 83 31 1 2
e-85-12 85 31 1 2
e-89-12 89 31 1 2
e-0-76 0 32 1 0
e-2-76 2 32 1 0
e-3-76 3 32 1 0
e-4-76 4 32 1 0
e-6-76 6 32 0 1
e-7-76 7 32 0 1
e-10-76 10 32 0 1
e-36-76 36 32 0 1
e-44-76 44 32 0 1
e-48-76 48 32 0 1
e-52-76 52 32 0 1
e-76-76 76 32 0 1
e-78-76 78 32 0 1
e-82-76 82 32 1 2
e-83-76 83 32 1 2
e-85-76 85 32 1 2
e-89-76 89 32 1 2
e-0-83 0 33 1 0
e-2-83 2 33 1 0
e-3-83 3 33 1 0
e-4-83 4 33 1 0
e-6-83 6 33 0 1
e-7-83 7 33 0 1
e-10-83 10 33 0 1
e-35-83 35 33 0 1
e-42-83 42 33 0 1
e-48-83 48 33 0 1
e-53-83 53 33 0 1
e-67-83 67 33 0 1
e-78-83 78 33 0 1
e-82-83 82 33 1 2
e-83-83 83 33 1 2
e-85-83 85 33 1 2
e-89-83 89 33 1 2
e-0-102 0 33 1 0
e-2-102 2 33 1 0
e-3-102 3 33 1 0
e-4-102 4 33 1 0
e-6-102 6 33 0 1
e-7-102 7 33 0 1
e-10-102 10 33 0 1
e-35-102 35 33 0 1
e-42-102 42 33 0 1
e-48-102 48 33 0 1
e-53-102 53 33 0 1
e-67-102 67 33 0 1
e-78-102 78 33 0 1
e-82-102 82 33 1 2
e-83-102 83 33 1 2
e-85-102 85 33 1 2
e-89-102 89 33 1 2
e-0-131 0 33 1 0
e-2-131 2 33 1 0
e-3-131 3 33 1 0
e-4-131 4 33 1 0
e-6-131 6 33 0 1
e-7-131 7 33 0 1
e-10-131 10 33 0 1
e-35-131 35 33 0 1
e-42-131 42 33 0 1
e-48-131 48 33 0 1
e-53-131 53 33 0 1
e-67-131 67 33 0 1
e-78-131 78 33 0 1
e-82-131 82 33 1 2
e-83-131 83 33 1 2
e-85-131 85 33 1 2
e-89-131 89 33 1 2
e-0-75 0 34 1 0
e-2-75 2 34 1 0
e-3-75 3 34 1 0
e-4-75 4 34 1 0
e-6-75 6 34 0 1
e-7-75 7 34 0 1
e-10-75 10 34 0 1
e-35-75 35 34 0 1
e-42-75 42 34 0 1
e-48-75 48 34 0 1
e-53-75 53 34 0 1
e-66-75 66 34 0 1
e-78-75 78 34 0 1
e-82-75 82 34 1 2
e-83-75 83 34 1 2
e-85-75 85 34 1 2
e-89-75 89 34 1 2
e-0-129 0 34 1 0
e-2-129 2 34 1 0
e-3-129 3 34 1 0
e-4-129 4 34 1 0
e-6-129 6 34 0 1
e-7-129 7 34 0 1
e-10-129 10 34 0 1
e-35-129 35 34 0 1
e-42-129 42 34 0 1
e-48-129 48 34 0 1
e-53-129 53 34 0 1
e-66-129 66 34 0 1
e-78-129 78 34 0 1
e-82-129 82 34 1 2
e-83-129 83 34 1 2
e-85-129 85 34 1 2
e-89-129 89 34 1 2
e-0-164 0 35 1 0
e-2-164 2 35 1 0
e-3-164 3 35 1 0
e-4-164 4 35 1 0
e-6-164 6 35 0 1
e-7-164 7 35 0 1
e-10-164 10 35 0 1
e-34-164 34 35 0 1
e-44-164 44 35 0 1
e-48-164 48 35 0 1
e-52-164 52 35 0 1
e-73-164 73 35 0 1
e-78-164 78 35 0 1
e-82-164 82 35 1 2
e-83-164 83 35 1 2
e-85-164 85 35 1 2
e-89-164 89 35 1 2
e-0-34 0 36 1 0
e-2-34 2 36 1 0
e-3-34 3 36 1 0
e-4-34 4 36 1 0
e-6-34 6 36 0 1
e-7-34 7 36 0 1
e-10-34 10 36 0 1
e-34-34 34 36 0 1
e-44-34 44 36 0 1
e-48-34 48 36 0 1
e-52-34 52 36 0 1
e-72-34 72 36 0 1
e-78-34 78 36 0 1
e-82-34 82 36 1 2
e-83-34 83 36 1 2
e-85-34 85 36 1 2
e-89-34 89 36 1 2
e-0-40 0 36 1 0
e-2-40 2 36 1 0
e-3-40 3 36 1 0
e-4-40 4 36 1 0
e-6-40 6 36 0 1
e-7-40 7 36 0 1
e-10-40 10 36 0 1
e-34-40 34 36 0 1
e-44-40 44 36 0 1
e-48-40 48 36 0 1
e-52-40 52 36 0 1
e-72-40 72 36 0 1
e-78-40 78 36 0 1
e-82-40 82 36 1 2
e-83-40 83 36 1 2
e-85-40 85 36 1 2
e-89-40 89 36 1 2
e-0-55 0 36 1 0
e-2-55 2 36 1 0
e-3-55 3 36 1 0
e-4-55 4 36 1 0
e-6-55 6 36 0 1
e-7-55 7 36 0 1
e-10-55 10 36 0 1
e-34-55 34 36 0 1
e-44-55 44 36 0 1
e-48-55 48 36 0 1
e-52-55 52 36 0 1
e-72-55 72 36 0 1
e-78-55 78 36 0 1
e-82-55 82 36 1 2
e-83-55 83 36 1 2
e-85-55 85 36 1 2
e-89-55 89 36 1 2
e-0-104 0 36 1 0
e-2-104 2 36 1 0
e-3-104 3 36 1 0
e-4-104 4 36 1 0
e-6-104 6 36 0 1
e-7-104 7 36 0 1
e-10-104 10 36 0 1
e-34-104 34 36 0 1
e-44-104 44 36 0 1
e-48-104 48 36 0 1
e-52-104 52 36 0 1
e-72-104 72 36 0 1
e-78-104 78 36 0 1
e-82-104 82 36 1 2
e-83-104 83 36 1 2
e-85-104 85 36 1 2
e-89-104 89 36 1 2
e-0-16 0 37 1 0
e-2-16 2 37 1 0
e-3-16 3 37 1 0
e-4-16 4 37 1 0
e-6-16 6 37 0 1
e-7-16 7 37 0 1
e-10-16 10 37 0 1
e-33-16 33 37 0 1
e-42-16 42 37 0 1
e-49-16 49 37 0 1
e-52-16 52 37 0 1
e-71-16 71 37 0 1
e-78-16 78 37 0 1
e-82-16 82 37 1 2
e-83-16 83 37 1 2
e-85-16 85 37 1 2
e-89-16 89 37 1 2
e-0-183 0 37 1 0
e-2-183 2 37 1 0
e-3-183 3 37 1 0
e-4-183 4 37 1 0
e-6-183 6 37 0 1
e-7-183 7 37 0 1
e-10-183 10 37 0 1
e-33-183 33 37 0 1
e-42-183 42 37 0 1
e-49-183 49 37 0 1
e-52-183 52 37 0 1
e-71-183 71 37 0 1
e-78-183 78 37 0 1
e-82-183 82 37 1 2
e-83-183 83 37 1 2
e-85-183 85 37 1 2
e-89-183 89 37 1 2
e-0-167 0 38 1 0
e-2-167 2 38 1 0
e-3-167 3 38 1 0
e-4-167 4 38 1 0
e-6-167 6 38 0 1
e-7-167 7 38 0 1
e-10-167 10 38 0 1
e-33-167 33 38 0 1
e-42-167 42 38 0 1
e-49-167 49 38 0 1
e-52-167 52 38 0 1
e-66-167 66 38 0 1
e-78-167 78 38 0 1
e-82-167 82 38 1 2
e-83-167 83 38 1 2
e-85-167 85 38 1 2
e-89-167 89 38 1 2
e-0-126 0 39 1 0
e-2-126 2 39 1 0
e-3-126 3 39 1 0
e-4-126 4 39 1 0
e-6-126 6 39 0 1
e-7-126 7 39 0 1
e-10-126 10 39 0 1
e-33-126 33 39 0 1
e-42-126 42 39 0 1
e-49-126 49 39 0 1
e-52-126 52 39 0 1
e-65-126 65 39 0 1
e-78-126 78 39 0 1
e-82-126 82 39 1 2
e-83-126 83 39 1 2
e-85-126 85 39 1 2
e-89-126 89 39 1 2
e-0-132 0 40 1 0
e-2-132 2 40 1 0
e-3-132 3 40 1 0
e-4-132 4 40 1 0
e-6-132 6 40 0 1
e-7-132 7 40 0 1
e-10-132 10 40 0 1
e-33-132 33 40 0 1
e-42-132 42 40 0 1
e-49-132 49 40 0 1
e-52-132 52 40 0 1
e-62-132 62 40 0 1
e-78-132 78 40 0 1
e-82-132 82 40 1 2
e-83-132 83 40 1 2
e-85-132 85 40 1 2
e-89-132 89 40 1 2
e-0-2 0 41 1 0
e-2-2 2 41 1 0
e-3-2 3 41 1 0
e-4-2 4 41 1 0
e-6-2 6 41 0 1
e-7-2 7 41 0 1
e-10-2 10 41 0 1
e-32-2 32 41 0 1
e-44-2 44 41 0 1
e-48-2 48 41 0 1
e-52-2 52 41 0 1
e-58-2 58 41 0 1
e-78-2 78 41 0 1
e-82-2 82 41 1 2
e-83-2 83 41 1 2
e-84-2 84 41 1 2
e-85-2 85 41 1 2
e-89-2 89 41 1 2
e-0-41 0 41 1 0
e-2-41 2 41 1 0
e-3-41 3 41 1 0
e-4-41 4 41 1 0
e-6-41 6 41 0 1
e-7-41 7 41 0 1
e-10-41 10 41 0 1
e-32-41 32 41 0 1
e-44-41 44 41 0 1
e-48-41 48 41 0 1
e-52-41 52 41 0 1
e-58-41 58 41 0 1
e-78-41 78 41 0 1
e-82-41 82 41 1 2
e-83-41 83 41 1 2
e-85-41 85 41 1 2
e-89-41 89 41 1 2
e-0-27 0 42 1 0
e-2-27 2 42 1 0
e-3-27 3 42 1 0
e-4-27 4 42 1 0
e-6-27 6 42 0 1
e-7-27 7 42 0 1
e-10-27 10 42 0 1
e-32-27 32 42 0 1
e-44-27 44 42 0 1
e-48-27 48 42 0 1
e-52-27 52 42 0 1
e-57-27 57 42 0 1
e-78-27 78 42 0 1
e-82-27 82 42 1 2
e-83-27 83 42 1 2
e-85-27 85 42 1 2
e-89-27 89 42 1 2
e-0-187 0 43 1 0
e-2-187 2 43 1 0
e-3-187 3 43 1 0
e-4-187 4 43 1 0
e-6-187 6 43 0 1
e-7-187 7 43 0 1
e-10-187 10 43 0 1
e-32-187 32 43 0 1
e-44-187 44 43 0 1
e-48-187 48 43 0 1
e-52-187 52 43 0 1
e-55-187 55 43 0 1
e-79-187 79 43 0 1
e-82-187 82 43 1 2
e-83-187 83 43 1 2
e-85-187 85 43 1 2
e-89-187 89 43 1 2
e-0-1 0 44 1 0
e-2-1 2 44 1 0
e-3-1 3 44 1 0
e-4-1 4 44 1 0
e-6-1 6 44 0 1
e-7-1 7 44 0 1
e-10-1 10 44 0 1
e-31-1 31 44 0 1
e-45-1 45 44 0 1
e-48-1 48 44 0 1
e-52-1 52 44 0 1
e-65-1 65 44 0 1
e-78-1 78 44 0 1
e-82-1 82 44 1 2
e-83-1 83 44 1 2
e-85-1 85 44 1 2
e-89-1 89 44 1 2
e-0-31 0 44 1 0
e-2-31 2 44 1 0
e-3-31 3 44 1 0
e-4-31 4 44 1 0
e-6-31 6 44 0 1
e-7-31 7 44 0 1
e-10-31 10 44 0 1
e-31-31 31 44 0 1
e-45-31 45 44 0 1
e-48-31 48 44 0 1
e-52-31 52 44 0 1
e-65-31 65 44 0 1
e-78-31 78 44 0 1
e-82-31 82 44 1 2
e-83-31 83 44 1 2
e-85-31 85 44 1 2
e-89-31 89 44 1 2
e-0-127 0 44 1 0
e-2-127 2 44 1 0
e-3-127 3 44 1 0
e-4-127 4 44 1 0
e-6-127 6 44 0 1
e-7-127 7 44 0 1
e-10-127 10 44 0 1
e-31-127 31 44 0 1
e-45-127 45 44 0 1
e-48-127 48 44 0 1
e-52-127 52 44 0 1
e-65-127 65 44 0 1
e-78-127 78 44 0 1
e-82-127 82 44 1 2
e-83-127 83 44 1 2
e-85-127 85 44 1 2
e-89-127 89 44 1 2
e-0-180 0 44 1 0
e-2-180 2 44 1 0
e-3-180 3 44 1 0
e-4-180 4 44 1 0
e-6-180 6 44 0 1
e-7-180 7 44 0 1
e-10-180 10 44 0 1
e-31-180 31 44 0 1
e-45-180 45 44 0 1
e-48-180 48 44 0 1
e-52-180 52 44 0 1
e-65-180 65 44 0 1
e-78-180 78 44 0 1
e-82-180 82 44 1 2
e-83-180 83 44 1 2
e-85-180 85 44 1 2
e-89-180 89 44 1 2
e-0-38 0 45 1 0
e-2-38 2 45 1 0
e-3-38 3 45 1 0
e-4-38 4 45 1 0
e-6-38 6 45 0 1
e-7-38 7 45 0 1
e-10-38 10 45 0 1
e-31-38 31 45 0 1
e-44-38 44 45 0 1
e-48-38 48 45 0 1
e-50-38 50 45 0 1
e-69-38 69 45 0 1
e-78-38 78 45 0 1
e-82-38 82 45 1 2
e-83-38 83 45 1 2
e-85-38 85 45 1 2
e-89-38 89 45 1 2
e-0-45 0 45 1 0
e-2-45 2 45 1 0
e-3-45 3 45 1 0
e-4-45 4 45 1 0
e-6-45 6 45 0 1
e-7-45 7 45 0 1
e-10-45 10 45 0 1
e-31-45 31 45 0 1
e-44-45 44 45 0 1
e-48-45 48 45 0 1
e-50-45 50 45 0 1
e-69-45 69 45 0 1
e-78-45 78 45 0 1
e-82-45 82 45 1 2
e-83-45 83 45 1 2
e-85-45 85 45 1 2
e-89-45 89 45 1 2
e-0-110 0 45 1 0
e-2-110 2 45 1 0
e-3-110 3 45 1 0
e-4-110 4 45 1 0
e-6-110 6 45 0 1
e-7-110 7 45 0 1
e-10-110 10 45 0 1
e-31-110 31 45 0 1
e-44-110 44 45 0 1
e-48-110 48 45 0 1
e-50-110 50 45 0 1
e-69-110 69 45 0 1
e-78-110 78 45 0 1
e-82-110 82 45 1 2
e-83-110 83 45 1 2
e-85-110 85 45 1 2
e-89-110 89 45 1 2
e-0-145 0 45 1 0
e-2-145 2 45 1 0
e-3-145 3 45 1 0
e-4-145 4 45 1 0
e-6-145 6 45 0 1
e-7-145 7 45 0 1
e-10-145 10 45 0 1
e-31-145 31 45 0 1
e-44-145 44 45 0 1
e-48-145 48 45 0 1
e-50-145 50 45 0 1
e-69-145 69 45 0 1
e-78-145 78 45 0 1
e-82-145 82 45 1 2
e-83-145 83 45 1 2
e-85-145 85 45 1 2
e-89-145 89 45 1 2
e-0-165 0 45 1 0
e-2-165 2 45 1 0
e-3-165 3 45 1 0
e-4-165 4 45 1 0
e-6-165 6 45 0 1
e-7-165 7 45 0 1
e-10-165 10 45 0 1
e-31-165 31 45 0 1
e-44-165 44 45 0 1
e-48-165 48 45 0 1
e-50-165 50 45 0 1
e-69-165 69 45 0 1
e-78-165 78 45 0 1
e-82-165 82 45 1 2
e-83-165 83 45 1 2
e-85-165 85 45 1 2
e-89-165 89 45 1 2
e-0-9 0 46 1 0
e-2-9 2 46 1 0
e-3-9 3 46 1 0
e-4-9 4 46 1 0
e-6-9 6 46 0 1
e-7-9 7 46 0 1
e-10-9 10 46 0 1
e-30-9 30 46 0 1
e-44-9 44 46 0 1
e-48-9 48 46 0 1
e-50-9 50 46 0 1
e-63-9 63 46 0 1
e-78-9 78 46 0 1
e-82-9 82 46 1 2
e-83-9 83 46 1 2
e-84-9 84 46 1 2
e-85-9 85 46 1 2
e-89-9 89 46 1 2
e-0-198 0 47 1 0
e-2-198 2 47 1 0
e-3-198 3 47 1 0
e-4-198 4 47 1 0
e-6-198 6 47 0 1
e-7-198 7 47 0 1
e-10-198 10 47 0 1
e-30-198 30 47 0 1
e-44-198 44 47 0 1
e-48-198 48 47 0 1
e-50-198 50 47 0 1
e-54-198 54 47 0 1
e-79-198 79 47 0 1
e-82-198 82 47 1 2
e-83-198 83 47 1 2
e-85-198 85 47 1 2
e-89-198 89 47 1 2
e-0-108 0 48 1 0
e-2-108 2 48 1 0
e-3-108 3 48 1 0
e-4-108 4 48 1 0
e-6-108 6 48 0 1
e-7-108 7 48 0 1
e-10-108 10 48 0 1
e-30-108 30 48 0 1
e-44-108 44 48 0 1
e-47-108 47 48 0 1
e-52-108 52 48 0 1
e-74-108 74 48 0 1
e-78-108 78 48 0 1
e-82-108 82 48 1 2
e-83-108 83 48 1 2
e-85-108 85 48 1 2
e-89-108 89 48 1 2
e-0-181 0 49 1 0
e-2-181 2 49 1 0
e-3-181 3 49 1 0
e-4-181 4 49 1 0
e-6-181 6 49 0 1
e-7-181 7 49 0 1
e-10-181 10 49 0 1
e-29-181 29 49 0 1
e-44-181 44 49 0 1
e-48-181 48 49 0 1
e-53-181 53 49 0 1
e-71-181 71 49 0 1
e-78-181 78 49 0 1
e-82-181 82 49 1 2
e-83-181 83 49 1 2
e-85-181 85 49 1 2
e-89-181 89 49 1 2
e-0-59 0 50 1 0
e-2-59 2 50 1 0
e-3-59 3 50 1 0
e-4-59 4 50 1 0
e-6-59 6 50 0 1
e-7-59 7 50 0 1
e-10-59 10 50 0 1
e-29-59 29 50 0 1
e-44-59 44 50 0 1
e-48-59 48 50 0 1
e-53-59 53 50 0 1
e-70-59 70 50 0 1
e-78-59 78 50 0 1
e-82-59 82 50 1 2
e-83-59 83 50 1 2
e-85-59 85 50 1 2
e-89-59 89 50 1 2
e-0-7 0 51 1 0
e-2-7 2 51 1 0
e-3-7 3 51 1 0
e-4-7 4 51 1 0
e-6-7 6 51 0 1
e-7-7 7 51 0 1
e-10-7 10 51 0 1
e-29-7 29 51 0 1
e-44-7 44 51 0 1
e-48-7 48 51 0 1
e-53-7 53 51 0 1
e-69-7 69 51 0 1
e-78-7 78 51 0 1
e-82-7 82 51 1 2
e-83-7 83 51 1 2
e-85-7 85 51 1 2
e-89-7 89 51 1 2
e-0-43 0 52 1 0
e-2-43 2 52 1 0
e-3-43 3 52 1 0
e-4-43 4 52 1 0
e-6-43 6 52 0 1
e-7-43 7 52 0 1
e-10-43 10 52 0 1
e-29-43 29 52 0 1
e-44-43 44 52 0 1
e-48-43 48 52 0 1
e-53-43 53 52 0 1
e-68-43 68 52 0 1
e-78-43 78 52 0 1
e-82-43 82 52 1 2
e-83-43 83 52 1 2
e-85-43 85 52 1 2
e-89-43 89 52 1 2
e-0-51 0 53 1 0
e-2-51 2 53 1 0
e-3-51 3 53 1 0
e-4-51 4 53 1 0
e-6-51 6 53 0 1
e-7-51 7 53 0 1
e-10-51 10 53 0 1
e-28-51 28 53 0 1
e-42-51 42 53 0 1
e-48-51 48 53 0 1
e-52-51 52 53 0 1
e-64-51 64 53 0 1
e-78-51 78 53 0 1
e-82-51 82 53 1 2
e-83-51 83 53 1 2
e-85-51 85 53 1 2
e-89-51 89 53 1 2
e-0-153 0 53 1 0
e-2-153 2 53 1 0
e-3-153 3 53 1 0
e-4-153 4 53 1 0
e-6-153 6 53 0 1
e-7-153 7 53 0 1
e-10-153 10 53 0 1
e-28-153 28 53 0 1
e-42-153 42 53 0 1
e-48-153 48 53 0 1
e-52-153 52 53 0 1
e-64-153 64 53 0 1
e-78-153 78 53 0 1
e-82-153 82 53 1 2
e-83-153 83 53 1 2
e-85-153 85 53 1 2
e-89-153 89 53 1 2
e-0-86 0 54 1 0
e-2-86 2 54 1 0
e-3-86 3 54 1 0
e-4-86 4 54 1 0
e-6-86 6 54 0 1
e-7-86 7 54 0 1
e-10-86 10 54 0 1
e-28-86 28 54 0 1
e-42-86 42 54 0 1
e-48-86 48 54 0 1
e-52-86 52 54 0 1
e-63-86 63 54 0 1
e-78-86 78 54 0 1
e-82-86 82 54 1 2
e-83-86 83 54 1 2
e-85-86 85 54 1 2
e-89-86 89 54 1 2
e-0-68 0 55 1 0
e-2-68 2 55 1 0
e-3-68 3 55 1 0
e-4-68 4 55 1 0
e-6-68 6 55 0 1
e-7-68 7 55 0 1
e-10-68 10 55 0 1
e-27-68 27 55 0 1
e-44-68 44 55 0 1
e-48-68 48 55 0 1
e-50-68 50 55 0 1
e-74-68 74 55 0 1
e-78-68 78 55 0 1
e-82-68 82 55 1 2
e-83-68 83 55 1 2
e-85-68 85 55 1 2
e-89-68 89 55 1 2
e-0-149 0 55 1 0
e-2-149 2 55 1 0
e-3-149 3 55 1 0
e-4-149 4 55 1 0
e-6-149 6 55 0 1
e-7-149 7 55 0 1
e-10-149 10 55 0 1
e-27-149 27 55 0 1
e-44-149 44 55 0 1
e-48-149 48 55 0 1
e-50-149 50 55 0 1
e-74-149 74 55 0 1
e-78-149 78 55 0 1
e-82-149 82 55 1 2
e-83-149 83 55 1 2
e-85-149 85 55 1 2
e-89-149 89 55 1 2
e-0-35 0 56 1 0
e-2-35 2 56 1 0
e-3-35 3 56 1 0
e-4-35 4 56 1 0
e-6-35 6 56 0 1
e-7-35 7 56 0 1
e-10-35 10 56 0 1
e-26-35 26 56 0 1
e-44-35 44 56 0 1
e-48-35 48 56 0 1
e-50-35 50 56 0 1
e-64-35 64 56 0 1
e-78-35 78 56 0 1
e-82-35 82 56 1 2
e-83-35 83 56 1 2
e-85-35 85 56 1 2
e-89-35 89 56 1 2
e-0-44 0 56 1 0
e-2-44 2 56 1 0
e-3-44 3 56 1 0
e-4-44 4 56 1 0
e-6-44 6 56 0 1
e-7-44 7 56 0 1
e-10-44 10 56 0 1
e-26-44 26 56 0 1
e-44-44 44 56 0 1
e-48-44 48 56 0 1
e-50-44 50 56 0 1
e-64-44 64 56 0 1
e-78-44 78 56 0 1
e-82-44 82 56 1 2
e-83-44 83 56 1 2
e-85-44 85 56 1 2
e-89-44 89 56 1 2
e-0-155 0 56 1 0
e-2-155 2 56 1 0
e-3-155 3 56 1 0
e-4-155 4 56 1 0
e-6-155 6 56 0 1
e-7-155 7 56 0 1
e-10-155 10 56 0 1
e-26-155 26 56 0 1
e-44-155 44 56 0 1
e-48-155 48 56 0 1
e-50-155 50 56 0 1
e-64-155 64 56 0 1
e-78-155 78 56 0 1
e-82-155 82 56 1 2
e-83-155 83 56 1 2
e-85-155 85 56 1 2
e-89-155 89 56 1 2
e-0-50 0 57 1 0
e-2-50 2 57 1 0
e-3-50 3 57 1 0
e-4-50 4 57 1 0
e-6-50 6 57 0 1
e-7-50 7 57 0 1
e-10-50 10 57 0 1
e-26-50 26 57 0 1
e-44-50 44 57 0 1
e-48-50 48 57 0 1
e-50-50 50 57 0 1
e-63-50 63 57 0 1
e-78-50 78 57 0 1
e-82-50 82 57 1 2
e-83-50 83 57 1 2
e-85-50 85 57 1 2
e-89-50 89 57 1 2
e-0-184 0 58 1 0
e-2-184 2 58 1 0
e-3-184 3 58 1 0
e-4-184 4 58 1 0
e-6-184 6 58 0 1
e-7-184 7 58 0 1
e-10-184 10 58 0 1
e-25-184 25 58 0 1
e-45-184 45 58 0 1
e-48-184 48 58 0 1
e-52-184 52 58 0 1
e-54-184 54 58 0 1
e-79-184 79 58 0 1
e-82-184 82 58 1 2
e-83-184 83 58 1 2
e-84-184 84 58 1 2
e-85-184 85 58 1 2
e-89-184 89 58 1 2
e-0-70 0 59 1 0
e-2-70 2 59 1 0
e-3-70 3 59 1 0
e-4-70 4 59 1 0
e-6-70 6 59 0 1
e-7-70 7 59 0 1
e-10-70 10 59 0 1
e-24-70 24 59 0 1
e-42-70 42 59 0 1
e-48-70 48 59 0 1
e-52-70 52 59 0 1
e-70-70 70 59 0 1
e-78-70 78 59 0 1
e-82-70 82 59 1 2
e-83-70 83 59 1 2
e-85-70 85 59 1 2
e-89-70 89 59 1 2
e-0-74 0 59 1 0
e-2-74 2 59 1 0
e-3-74 3 59 1 0
e-4-74 4 59 1 0
e-6-74 6 59 0 1
e-7-74 7 59 0 1
e-10-74 10 59 0 1
e-24-74 24 59 0 1
e-42-74 42 59 0 1
e-48-74 48 59 0 1
e-52-74 52 59 0 1
e-70-74 70 59 0 1
e-78-74 78 59 0 1
e-82-74 82 59 1 2
e-83-74 83 59 1 2
e-84-74 84 59 1 2
e-85-74 85 59 1 2
e-89-74 89 59 1 2
e-0-118 0 59 1 0
e-2-118 2 59 1 0
e-3-118 3 59 1 0
e-4-118 4 59 1 0
e-6-118 6 59 0 1
e-7-118 7 59 0 1
e-10-118 10 59 0 1
e-24-118 24 59 0 1
e-42-118 42 59 0 1
e-48-118 48 59 0 1
e-52-118 52 59 0 1
e-70-118 70 59 0 1
e-78-118 78 59 0 1
e-82-118 82 59 1 2
e-83-118 83 59 1 2
e-85-118 85 59 1 2
e-89-118 89 59 1 2
e-0-148 0 59 1 0
e-2-148 2 59 1 0
e-3-148 3 59 1 0
e-4-148 4 59 1 0
e-6-148 6 59 0 1
e-7-148 7 59 0 1
e-10-148 10 59 0 1
e-24-148 24 59 0 1
e-42-148 42 59 0 1
e-48-148 48 59 0 1
e-52-148 52 59 0 1
e-70-148 70 59 0 1
e-78-148 78 59 0 1
e-82-148 82 59 1 2
e-83-148 83 59 1 2
e-85-148 85 59 1 2
e-89-148 89 59 1 2
e-0-58 0 60 1 0
e-2-58 2 60 1 0
e-3-58 3 60 1 0
e-4-58 4 60 1 0
e-6-58 6 60 0 1
e-7-58 7 60 0 1
e-10-58 10 60 0 1
e-23-58 23 60 0 1
e-44-58 44 60 0 1
e-48-58 48 60 0 1
e-50-58 50 60 0 1
e-54-58 54 60 0 1
e-79-58 79 60 0 1
e-82-58 82 60 1 2
e-83-58 83 60 1 2
e-85-58 85 60 1 2
e-89-58 89 60 1 2
e-0-80 0 60 1 0
e-2-80 2 60 1 0
e-3-80 3 60 1 0
e-4-80 4 60 1 0
e-6-80 6 60 0 1
e-7-80 7 60 0 1
e-10-80 10 60 0 1
e-23-80 23 60 0 1
e-44-80 44 60 0 1
e-48-80 48 60 0 1
e-50-80 50 60 0 1
e-54-80 54 60 0 1
e-79-80 79 60 0 1
e-82-80 82 60 1 2
e-83-80 83 60 1 2
e-85-80 85 60 1 2
e-89-80 89 60 1 2
e-0-189 0 60 1 0
e-2-189 2 60 1 0
e-3-189 3 60 1 0
e-4-189 4 60 1 0
e-6-189 6 60 0 1
e-7-189 7 60 0 1
e-10-189 10 60 0 1
e-23-189 23 60 0 1
e-44-189 44 60 0 1
e-48-189 48 60 0 1
e-50-189 50 60 0 1
e-54-189 54 60 0 1
e-79-189 79 60 0 1
e-82-189 82 60 1 2
e-83-189 83 60 1 2
e-85-189 85 60 1 2
e-89-189 89 60 1 2
e-0-0 0 61 1 0
e-2-0 2 61 1 0
e-3-0 3 61 1 0
e-4-0 4 61 1 0
e-6-0 6 61 0 1
e-7-0 7 61 0 1
e-10-0 10 61 0 1
e-22-0 22 61 0 1
e-45-0 45 61 0 1
e-48-0 48 61 0 1
e-50-0 50 61 0 1
e-69-0 69 61 0 1
e-78-0 78 61 0 1
e-82-0 82 61 1 2
e-83-0 83 61 1 2
e-85-0 85 61 1 2
e-89-0 89 61 1 2
e-0-133 0 61 1 0
e-2-133 2 61 1 0
e-3-133 3 61 1 0
e-4-133 4 61 1 0
e-6-133 6 61 0 1
e-7-133 7 61 0 1
e-10-133 10 61 0 1
e-22-133 22 61 0 1
e-45-133 45 61 0 1
e-48-133 48 61 0 1
e-50-133 50 61 0 1
e-69-133 69 61 0 1
e-78-133 78 61 0 1
e-82-133 82 61 1 2
e-83-133 83 61 1 2
e-85-133 85 61 1 2
e-89-133 89 61 1 2
e-0-66 0 62 1 0
e-2-66 2 62 1 0
e-3-66 3 62 1 0
e-4-66 4 62 1 0
e-6-66 6 62 0 1
e-7-66 7 62 0 1
e-10-66 10 62 0 1
e-22-66 22 62 0 1
e-45-66 45 62 0 1
e-48-66 48 62 0 1
e-50-66 50 62 0 1
e-65-66 65 62 0 1
e-78-66 78 62 0 1
e-82-66 82 62 1 2
e-83-66 83 62 1 2
e-85-66 85 62 1 2
e-89-66 89 62 1 2
e-0-188 0 62 1 0
e-2-188 2 62 1 0
e-3-188 3 62 1 0
e-4-188 4 62 1 0
e-6-188 6 62 0 1
e-7-188 7 62 0 1
e-10-188 10 62 0 1
e-22-188 22 62 0 1
e-45-188 45 62 0 1
e-48-188 48 62 0 1
e-50-188 50 62 0 1
e-65-188 65 62 0 1
e-78-188 78 62 0 1
e-82-188 82 62 1 2
e-83-188 83 62 1 2
e-85-188 85 62 1 2
e-89-188 89 62 1 2
e-0-46 0 63 1 0
e-2-46 2 63 1 0
e-3-46 3 63 1 0
e-4-46 4 63 1 0
e-6-46 6 63 0 1
e-7-46 7 63 0 1
e-10-46 10 63 0 1
e-21-46 21 63 0 1
e-42-46 42 63 0 1
e-48-46 48 63 0 1
e-50-46 50 63 0 1
e-69-46 69 63 0 1
e-78-46 78 63 0 1
e-82-46 82 63 1 2
e-83-46 83 63 1 2
e-85-46 85 63 1 2
e-89-46 89 63 1 2
e-0-98 0 63 1 0
e-2-98 2 63 1 0
e-3-98 3 63 1 0
e-4-98 4 63 1 0
e-6-98 6 63 0 1
e-7-98 7 63 0 1
e-10-98 10 63 0 1
e-21-98 21 63 0 1
e-42-98 42 63 0 1
e-48-98 48 63 0 1
e-50-98 50 63 0 1
e-69-98 69 63 0 1
e-78-98 78 63 0 1
e-82-98 82 63 1 2
e-83-98 83 63 1 2
e-85-98 85 63 1 2
e-89-98 89 63 1 2
e-0-141 0 64 1 0
e-2-141 2 64 1 0
e-3-141 3 64 1 0
e-4-141 4 64 1 0
e-6-141 6 64 0 1
e-7-141 7 64 0 1
e-10-141 10 64 0 1
e-20-141 20 64 0 1
e-44-141 44 64 0 1
e-48-141 48 64 0 1
e-53-141 53 64 0 1
e-57-141 57 64 0 1
e-78-141 78 64 0 1
e-82-141 82 64 1 2
e-83-141 83 64 1 2
e-85-141 85 64 1 2
e-89-141 89 64 1 2
e-0-69 0 65 1 0
e-2-69 2 65 1 0
e-3-69 3 65 1 0
e-4-69 4 65 1 0
e-6-69 6 65 0 1
e-7-69 7 65 0 1
e-10-69 10 65 0 1
e-20-69 20 65 0 1
e-44-69 44 65 0 1
e-48-69 48 65 0 1
e-52-69 52 65 0 1
e-76-69 76 65 0 1
e-78-69 78 65 0 1
e-82-69 82 65 1 2
e-83-69 83 65 1 2
e-85-69 85 65 1 2
e-89-69 89 65 1 2
e-0-115 0 65 1 0
e-2-115 2 65 1 0
e-3-115 3 65 1 0
e-4-115 4 65 1 0
e-6-115 6 65 0 1
e-7-115 7 65 0 1
e-10-115 10 65 0 1
e-20-115 20 65 0 1
e-44-115 44 65 0 1
e-48-115 48 65 0 1
e-52-115 52 65 0 1
e-76-115 76 65 0 1
e-78-115 78 65 0 1
e-82-115 82 65 1 2
e-83-115 83 65 1 2
e-84-115 84 65 1 2
e-85-115 85 65 1 2
e-89-115 89 65 1 2
e-0-194 0 65 1 0
e-2-194 2 65 1 0
e-3-194 3 65 1 0
e-4-194 4 65 1 0
e-6-194 6 65 0 1
e-7-194 7 65 0 1
e-10-194 10 65 0 1
e-20-194 20 65 0 1
e-44-194 44 65 0 1
e-48-194 48 65 0 1
e-52-194 52 65 0 1
e-76-194 76 65 0 1
e-78-194 78 65 0 1
e-82-194 82 65 1 2
e-83-194 83 65 1 2
e-85-194 85 65 1 2
e-89-194 89 65 1 2
e-0-79 0 66 1 0
e-2-79 2 66 1 0
e-3-79 3 66 1 0
e-4-79 4 66 1 0
e-6-79 6 66 0 1
e-7-79 7 66 0 1
e-10-79 10 66 0 1
e-19-79 19 66 0 1
e-45-79 45 66 0 1
e-49-79 49 66 0 1
e-52-79 52 66 0 1
e-69-79 69 66 0 1
e-78-79 78 66 0 1
e-82-79 82 66 1 2
e-83-79 83 66 1 2
e-85-79 85 66 1 2
e-89-79 89 66 1 2
e-0-29 0 67 1 0
e-2-29 2 67 1 0
e-3-29 3 67 1 0
e-4-29 4 67 1 0
e-6-29 6 67 0 1
e-7-29 7 67 0 1
e-10-29 10 67 0 1
e-19-29 19 67 0 1
e-42-29 42 67 0 1
e-48-29 48 67 0 1
e-52-29 52 67 0 1
e-73-29 73 67 0 1
e-77-29 77 67 0 1
e-82-29 82 67 1 2
e-83-29 83 67 1 2
e-85-29 85 67 1 2
e-89-29 89 67 1 2
e-0-47 0 67 1 0
e-2-47 2 67 1 0
e-3-47 3 67 1 0
e-4-47 4 67 1 0
e-6-47 6 67 0 1
e-7-47 7 67 0 1
e-10-47 10 67 0 1
e-19-47 19 67 0 1
e-42-47 42 67 0 1
e-48-47 48 67 0 1
e-52-47 52 67 0 1
e-73-47 73 67 0 1
e-77-47 77 67 0 1
e-82-47 82 67 1 2
e-83-47 83 67 1 2
e-85-47 85 67 1 2
e-89-47 89 67 1 2
e-0-56 0 67 1 0
e-2-56 2 67 1 0
e-3-56 3 67 1 0
e-4-56 4 67 1 0
e-6-56 6 67 0 1
e-7-56 7 67 0 1
e-10-56 10 67 0 1
e-19-56 19 67 0 1
e-42-56 42 67 0 1
e-48-56 48 67 0 1
e-52-56 52 67 0 1
e-73-56 73 67 0 1
e-77-56 77 67 0 1
e-82-56 82 67 1 2
e-83-56 83 67 1 2
e-85-56 85 67 1 2
e-89-56 89 67 1 2
e-0-85 0 67 1 0
e-2-85 2 67 1 0
e-3-85 3 67 1 0
e-4-85 4 67 1 0
e-6-85 6 67 0 1
e-7-85 7 67 0 1
e-10-85 10 67 0 1
e-19-85 19 67 0 1
e-42-85 42 67 0 1
e-48-85 48 67 0 1
e-52-85 52 67 0 1
e-73-85 73 67 0 1
e-77-85 77 67 0 1
e-82-85 82 67 1 2
e-83-85 83 67 1 2
e-84-85 84 67 1 2
e-85-85 85 67 1 2
e-89-85 89 67 1 2
e-0-90 0 68 1 0
e-2-90 2 68 1 0
e-3-90 3 68 1 0
e-4-90 4 68 1 0
e-6-90 6 68 0 1
e-7-90 7 68 0 1
e-10-90 10 68 0 1
e-18-90 18 68 0 1
e-44-90 44 68 0 1
e-48-90 48 68 0 1
e-52-90 52 68 0 1
e-76-90 76 68 0 1
e-77-90 77 68 0 1
e-82-90 82 68 1 2
e-83-90 83 68 1 2
e-85-90 85 68 1 2
e-89-90 89 68 1 2
e-0-97 0 68 1 0
e-2-97 2 68 1 0
e-3-97 3 68 1 0
e-4-97 4 68 1 0
e-6-97 6 68 0 1
e-7-97 7 68 0 1
e-10-97 10 68 0 1
e-18-97 18 68 0 1
e-44-97 44 68 0 1
e-48-97 48 68 0 1
e-52-97 52 68 0 1
e-76-97 76 68 0 1
e-77-97 77 68 0 1
e-82-97 82 68 1 2
e-83-97 83 68 1 2
e-85-97 85 68 1 2
e-89-97 89 68 1 2
e-0-120 0 68 1 0
e-2-120 2 68 1 0
e-3-120 3 68 1 0
e-4-120 4 68 1 0
e-6-120 6 68 0 1
e-7-120 7 68 0 1
e-10-120 10 68 0 1
e-18-120 18 68 0 1
e-44-120 44 68 0 1
e-48-120 48 68 0 1
e-52-120 52 68 0 1
e-76-120 76 68 0 1
e-77-120 77 68 0 1
e-82-120 82 68 1 2
e-83-120 83 68 1 2
e-85-120 85 68 1 2
e-89-120 89 68 1 2
e-0-139 0 68 1 0
e-2-139 2 68 1 0
e-3-139 3 68 1 0
e-4-139 4 68 1 0
e-6-139 6 68 0 1
e-7-139 7 68 0 1
e-10-139 10 68 0 1
e-18-139 18 68 0 1
e-44-139 44 68 0 1
e-48-139 48 68 0 1
e-52-139 52 68 0 1
e-76-139 76 68 0 1
e-77-139 77 68 0 1
e-82-139 82 68 1 2
e-83-139 83 68 1 2
e-85-139 85 68 1 2
e-89-139 89 68 1 2
e-0-170 0 68 1 0
e-2-170 2 68 1 0
e-3-170 3 68 1 0
e-4-170 4 68 1 0
e-6-170 6 68 0 1
e-7-170 7 68 0 1
e-10-170 10 68 0 1
e-18-170 18 68 0 1
e-44-170 44 68 0 1
e-48-170 48 68 0 1
e-52-170 52 68 0 1
e-76-170 76 68 0 1
e-77-170 77 68 0 1
e-82-170 82 68 1 2
e-83-170 83 68 1 2
e-85-170 85 68 1 2
e-89-170 89 68 1 2
e-0-8 0 69 1 0
e-2-8 2 69 1 0
e-3-8 3 69 1 0
e-4-8 4 69 1 0
e-6-8 6 69 0 1
e-7-8 7 69 0 1
e-10-8 10 69 0 1
e-17-8 17 69 0 1
e-45-8 45 69 0 1
e-49-8 49 69 0 1
e-51-8 51 69 0 1
e-75-8 75 69 0 1
e-77-8 77 69 0 1
e-82-8 82 69 1 2
e-83-8 83 69 1 2
e-85-8 85 69 1 2
e-89-8 89 69 1 2
e-0-39 0 69 1 0
e-2-39 2 69 1 0
e-3-39 3 69 1 0
e-4-39 4 69 1 0
e-6-39 6 69 0 1
e-7-39 7 69 0 1
e-10-39 10 69 0 1
e-17-39 17 69 0 1
e-45-39 45 69 0 1
e-49-39 49 69 0 1
e-51-39 51 69 0 1
e-75-39 75 69 0 1
e-77-39 77 69 0 1
e-82-39 82 69 1 2
e-83-39 83 69 1 2
e-85-39 85 69 1 2
e-89-39 89 69 1 2
e-0-191 0 69 1 0
e-2-191 2 69 1 0
e-3-191 3 69 1 0
e-4-191 4 69 1 0
e-6-191 6 69 0 1
e-7-191 7 69 0 1
e-10-191 10 69 0 1
e-17-191 17 69 0 1
e-45-191 45 69 0 1
e-49-191 49 69 0 1
e-51-191 51 69 0 1
e-75-191 75 69 0 1
e-77-191 77 69 0 1
e-82-191 82 69 1 2
e-83-191 83 69 1 2
e-85-191 85 69 1 2
e-89-191 89 69 1 2
e-0-14 0 70 1 0
e-2-14 2 70 1 0
e-3-14 3 70 1 0
e-4-14 4 70 1 0
e-6-14 6 70 0 1
e-7-14 7 70 0 1
e-10-14 10 70 0 1
e-17-14 17 70 0 1
e-45-14 45 70 0 1
e-48-14 48 70 0 1
e-53-14 53 70 0 1
e-69-14 69 70 0 1
e-78-14 78 70 0 1
e-82-14 82 70 1 2
e-83-14 83 70 1 2
e-85-14 85 70 1 2
e-89-14 89 70 1 2
e-0-91 0 70 1 0
e-2-91 2 70 1 0
e-3-91 3 70 1 0
e-4-91 4 70 1 0
e-6-91 6 70 0 1
e-7-91 7 70 0 1
e-10-91 10 70 0 1
e-17-91 17 70 0 1
e-45-91 45 70 0 1
e-48-91 48 70 0 1
e-53-91 53 70 0 1
e-69-91 69 70 0 1
e-78-91 78 70 0 1
e-82-91 82 70 1 2
e-83-91 83 70 1 2
e-85-91 85 70 1 2
e-89-91 89 70 1 2
e-0-158 0 70 1 0
e-2-158 2 70 1 0
e-3-158 3 70 1 0
e-4-158 4 70 1 0
e-6-158 6 70 0 1
e-7-158 7 70 0 1
e-10-158 10 70 0 1
e-17-158 17 70 0 1
e-45-158 45 70 0 1
e-48-158 48 70 0 1
e-53-158 53 70 0 1
e-69-158 69 70 0 1
e-78-158 78 70 0 1
e-82-158 82 70 1 2
e-83-158 83 70 1 2
e-85-158 85 70 1 2
e-89-158 89 70 1 2
e-0-18 0 71 1 0
e-2-18 2 71 1 0
e-3-18 3 71 1 0
e-4-18 4 71 1 0
e-6-18 6 71 0 1
e-7-18 7 71 0 1
e-10-18 10 71 0 1
e-17-18 17 71 0 1
e-45-18 45 71 0 1
e-48-18 48 71 0 1
e-52-18 52 71 0 1
e-63-18 63 71 0 1
e-78-18 78 71 0 1
e-82-18 82 71 1 2
e-83-18 83 71 1 2
e-85-18 85 71 1 2
e-89-18 89 71 1 2
e-0-23 0 71 1 0
e-2-23 2 71 1 0
e-3-23 3 71 1 0
e-4-23 4 71 1 0
e-6-23 6 71 0 1
e-7-23 7 71 0 1
e-10-23 10 71 0 1
e-17-23 17 71 0 1
e-45-23 45 71 0 1
e-48-23 48 71 0 1
e-52-23 52 71 0 1
e-63-23 63 71 0 1
e-78-23 78 71 0 1
e-82-23 82 71 1 2
e-83-23 83 71 1 2
e-85-23 85 71 1 2
e-89-23 89 71 1 2
e-0-150 0 71 1 0
e-2-150 2 71 1 0
e-3-150 3 71 1 0
e-4-150 4 71 1 0
e-6-150 6 71 0 1
e-7-150 7 71 0 1
e-10-150 10 71 0 1
e-17-150 17 71 0 1
e-45-150 45 71 0 1
e-48-150 48 71 0 1
e-52-150 52 71 0 1
e-63-150 63 71 0 1
e-78-150 78 71 0 1
e-82-150 82 71 1 2
e-83-150 83 71 1 2
e-85-150 85 71 1 2
e-89-150 89 71 1 2
e-0-151 0 71 1 0
e-2-151 2 71 1 0
e-3-151 3 71 1 0
e-4-151 4 71 1 0
e-6-151 6 71 0 1
e-7-151 7 71 0 1
e-10-151 10 71 0 1
e-17-151 17 71 0 1
e-45-151 45 71 0 1
e-48-151 48 71 0 1
e-52-151 52 71 0 1
e-63-151 63 71 0 1
e-78-151 78 71 0 1
e-82-151 82 71 1 2
e-83-151 83 71 1 2
e-85-151 85 71 1 2
e-89-151 89 71 1 2
e-0-53 0 72 1 0
e-2-53 2 72 1 0
e-3-53 3 72 1 0
e-4-53 4 72 1 0
e-6-53 6 72 0 1
e-7-53 7 72 0 1
e-10-53 10 72 0 1
e-17-53 17 72 0 1
e-45-53 45 72 0 1
e-47-53 47 72 0 1
e-50-53 50 72 0 1
e-75-53 75 72 0 1
e-77-53 77 72 0 1
e-82-53 82 72 1 2
e-83-53 83 72 1 2
e-85-53 85 72 1 2
e-89-53 89 72 1 2
e-0-60 0 72 1 0
e-2-60 2 72 1 0
e-3-60 3 72 1 0
e-4-60 4 72 1 0
e-6-60 6 72 0 1
e-7-60 7 72 0 1
e-10-60 10 72 0 1
e-17-60 17 72 0 1
e-45-60 45 72 0 1
e-47-60 47 72 0 1
e-50-60 50 72 0 1
e-75-60 75 72 0 1
e-77-60 77 72 0 1
e-82-60 82 72 1 2
e-83-60 83 72 1 2
e-85-60 85 72 1 2
e-89-60 89 72 1 2
e-0-157 0 73 1 0
e-2-157 2 73 1 0
e-3-157 3 73 1 0
e-4-157 4 73 1 0
e-6-157 6 73 0 1
e-7-157 7 73 0 1
e-10-157 10 73 0 1
e-17-157 17 73 0 1
e-45-157 45 73 0 1
e-47-157 47 73 0 1
e-50-157 50 73 0 1
e-74-157 74 73 0 1
e-78-157 78 73 0 1
e-82-157 82 73 1 2
e-83-157 83 73 1 2
e-85-157 85 73 1 2
e-89-157 89 73 1 2
e-0-20 0 74 1 0
e-2-20 2 74 1 0
e-3-20 3 74 1 0
e-4-20 4 74 1 0
e-6-20 6 74 0 1
e-7-20 7 74 0 1
e-10-20 10 74 0 1
e-17-20 17 74 0 1
e-44-20 44 74 0 1
e-49-20 49 74 0 1
e-51-20 51 74 0 1
e-70-20 70 74 0 1
e-78-20 78 74 0 1
e-82-20 82 74 1 2
e-83-20 83 74 1 2
e-85-20 85 74 1 2
e-89-20 89 74 1 2
e-0-22 0 75 1 0
e-2-22 2 75 1 0
e-3-22 3 75 1 0
e-4-22 4 75 1 0
e-6-22 6 75 0 1
e-7-22 7 75 0 1
e-10-22 10 75 0 1
e-17-22 17 75 0 1
e-44-22 44 75 0 1
e-48-22 48 75 0 1
e-53-22 53 75 0 1
e-72-22 72 75 0 1
e-78-22 78 75 0 1
e-82-22 82 75 1 2
e-83-22 83 75 1 2
e-85-22 85 75 1 2
e-89-22 89 75 1 2
e-0-77 0 75 1 0
e-2-77 2 75 1 0
e-3-77 3 75 1 0
e-4-77 4 75 1 0
e-6-77 6 75 0 1
e-7-77 7 75 0 1
e-10-77 10 75 0 1
e-17-77 17 75 0 1
e-44-77 44 75 0 1
e-48-77 48 75 0 1
e-53-77 53 75 0 1
e-72-77 72 75 0 1
e-78-77 78 75 0 1
e-82-77 82 75 1 2
e-83-77 83 75 1 2
e-85-77 85 75 1 2
e-89-77 89 75 1 2
e-0-28 0 76 1 0
e-2-28 2 76 1 0
e-3-28 3 76 1 0
e-4-28 4 76 1 0
e-6-28 6 76 0 1
e-7-28 7 76 0 1
e-10-28 10 76 0 1
e-17-28 17 76 0 1
e-44-28 44 76 0 1
e-48-28 48 76 0 1
e-53-28 53 76 0 1
e-71-28 71 76 0 1
e-78-28 78 76 0 1
e-82-28 82 76 1 2
e-83-28 83 76 1 2
e-85-28 85 76 1 2
e-89-28 89 76 1 2
e-0-71 0 76 1 0
e-2-71 2 76 1 0
e-3-71 3 76 1 0
e-4-71 4 76 1 0
e-6-71 6 76 0 1
e-7-71 7 76 0 1
e-10-71 10 76 0 1
e-17-71 17 76 0 1
e-44-71 44 76 0 1
e-48-71 48 76 0 1
e-53-71 53 76 0 1
e-71-71 71 76 0 1
e-78-71 78 76 0 1
e-82-71 82 76 1 2
e-83-71 83 76 1 2
e-85-71 85 76 1 2
e-89-71 89 76 1 2
e-0-26 0 77 1 0
e-2-26 2 77 1 0
e-3-26 3 77 1 0
e-4-26 4 77 1 0
e-6-26 6 77 0 1
e-7-26 7 77 0 1
e-10-26 10 77 0 1
e-17-26 17 77 0 1
e-44-26 44 77 0 1
e-48-26 48 77 0 1
e-52-26 52 77 0 1
e-69-26 69 77 0 1
e-78-26 78 77 0 1
e-82-26 82 77 1 2
e-83-26 83 77 1 2
e-85-26 85 77 1 2
e-89-26 89 77 1 2
e-0-113 0 77 1 0
e-2-113 2 77 1 0
e-3-113 3 77 1 0
e-4-113 4 77 1 0
e-6-113 6 77 0 1
e-7-113 7 77 0 1
e-10-113 10 77 0 1
e-17-113 17 77 0 1
e-44-113 44 77 0 1
e-48-113 48 77 0 1
e-52-113 52 77 0 1
e-69-113 69 77 0 1
e-78-113 78 77 0 1
e-82-113 82 77 1 2
e-83-113 83 77 1 2
e-85-113 85 77 1 2
e-89-113 89 77 1 2
e-0-114 0 77 1 0
e-2-114 2 77 1 0
e-3-114 3 77 1 0
e-4-114 4 77 1 0
e-6-114 6 77 0 1
e-7-114 7 77 0 1
e-10-114 10 77 0 1
e-17-114 17 77 0 1
e-44-114 44 77 0 1
e-48-114 48 77 0 1
e-52-114 52 77 0 1
e-69-114 69 77 0 1
e-78-114 78 77 0 1
e-82-114 82 77 1 2
e-83-114 83 77 1 2
e-85-114 85 77 1 2
e-89-114 89 77 1 2
e-0-130 0 77 1 0
e-2-130 2 77 1 0
e-3-130 3 77 1 0
e-4-130 4 77 1 0
e-6-130 6 77 0 1
e-7-130 7 77 0 1
e-10-130 10 77 0 1
e-17-130 17 77 0 1
e-44-130 44 77 0 1
e-48-130 48 77 0 1
e-52-130 52 77 0 1
e-69-130 69 77 0 1
e-78-130 78 77 0 1
e-82-130 82 77 1 2
e-83-130 83 77 1 2
e-85-130 85 77 1 2
e-89-130 89 77 1 2
e-0-137 0 77 1 0
e-2-137 2 77 1 0
e-3-137 3 77 1 0
e-4-137 4 77 1 0
e-6-137 6 77 0 1
e-7-137 7 77 0 1
e-10-137 10 77 0 1
e-17-137 17 77 0 1
e-44-137 44 77 0 1
e-48-137 48 77 0 1
e-52-137 52 77 0 1
e-69-137 69 77 0 1
e-78-137 78 77 0 1
e-82-137 82 77 1 2
e-83-137 83 77 1 2
e-85-137 85 77 1 2
e-89-137 89 77 1 2
e-0-48 0 78 1 0
e-2-48 2 78 1 0
e-3-48 3 78 1 0
e-4-48 4 78 1 0
e-6-48 6 78 0 1
e-7-48 7 78 0 1
e-10-48 10 78 0 1
e-17-48 17 78 0 1
e-44-48 44 78 0 1
e-48-48 48 78 0 1
e-50-48 50 78 0 1
e-66-48 66 78 0 1
e-78-48 78 78 0 1
e-82-48 82 78 1 2
e-83-48 83 78 1 2
e-85-48 85 78 1 2
e-89-48 89 78 1 2
e-0-78 0 78 1 0
e-2-78 2 78 1 0
e-3-78 3 78 1 0
e-4-78 4 78 1 0
e-6-78 6 78 0 1
e-7-78 7 78 0 1
e-10-78 10 78 0 1
e-17-78 17 78 0 1
e-44-78 44 78 0 1
e-48-78 48 78 0 1
e-50-78 50 78 0 1
e-66-78 66 78 0 1
e-78-78 78 78 0 1
e-82-78 82 78 1 2
e-83-78 83 78 1 2
e-85-78 85 78 1 2
e-89-78 89 78 1 2
e-0-24 0 79 1 0
e-2-24 2 79 1 0
e-3-24 3 79 1 0
e-4-24 4 79 1 0
e-6-24 6 79 0 1
e-7-24 7 79 0 1
e-10-24 10 79 0 1
e-17-24 17 79 0 1
e-42-24 42 79 0 1
e-49-24 49 79 0 1
e-51-24 51 79 0 1
e-75-24 75 79 0 1
e-77-24 77 79 0 1
e-82-24 82 79 1 2
e-83-24 83 79 1 2
e-85-24 85 79 1 2
e-89-24 89 79 1 2
e-0-100 0 80 1 0
e-2-100 2 80 1 0
e-3-100 3 80 1 0
e-4-100 4 80 1 0
e-6-100 6 80 0 1
e-7-100 7 80 0 1
e-10-100 10 80 0 1
e-17-100 17 80 0 1
e-42-100 42 80 0 1
e-48-100 48 80 0 1
e-52-100 52 80 0 1
e-74-100 74 80 0 1
e-77-100 77 80 0 1
e-82-100 82 80 1 2
e-83-100 83 80 1 2
e-85-100 85 80 1 2
e-89-100 89 80 1 2
e-0-192 0 80 1 0
e-2-192 2 80 1 0
e-3-192 3 80 1 0
e-4-192 4 80 1 0
e-6-192 6 80 0 1
e-7-192 7 80 0 1
e-10-192 10 80 0 1
e-17-192 17 80 0 1
e-42-192 42 80 0 1
e-48-192 48 80 0 1
e-52-192 52 80 0 1
e-74-192 74 80 0 1
e-77-192 77 80 0 1
e-82-192 82 80 1 2
e-83-192 83 80 1 2
e-85-192 85 80 1 2
e-89-192 89 80 1 2
e-0-61 0 81 1 0
e-2-61 2 81 1 0
e-3-61 3 81 1 0
e-4-61 4 81 1 0
e-6-61 6 81 0 1
e-7-61 7 81 0 1
e-10-61 10 81 0 1
e-17-61 17 81 0 1
e-42-61 42 81 0 1
e-48-61 48 81 0 1
e-52-61 52 81 0 1
e-73-61 73 81 0 1
e-78-61 78 81 0 1
e-82-61 82 81 1 2
e-83-61 83 81 1 2
e-85-61 85 81 1 2
e-89-61 89 81 1 2
e-0-105 0 82 1 0
e-2-105 2 82 1 0
e-3-105 3 82 1 0
e-4-105 4 82 1 0
e-6-105 6 82 0 1
e-7-105 7 82 0 1
e-10-105 10 82 0 1
e-17-105 17 82 0 1
e-42-105 42 82 0 1
e-47-105 47 82 0 1
e-52-105 52 82 0 1
e-65-105 65 82 0 1
e-78-105 78 82 0 1
e-82-105 82 82 1 2
e-83-105 83 82 1 2
e-85-105 85 82 1 2
e-89-105 89 82 1 2
e-0-135 0 82 1 0
e-2-135 2 82 1 0
e-3-135 3 82 1 0
e-4-135 4 82 1 0
e-6-135 6 82 0 1
e-7-135 7 82 0 1
e-10-135 10 82 0 1
e-17-135 17 82 0 1
e-42-135 42 82 0 1
e-47-135 47 82 0 1
e-52-135 52 82 0 1
e-65-135 65 82 0 1
e-78-135 78 82 0 1
e-82-135 82 82 1 2
e-83-135 83 82 1 2
e-85-135 85 82 1 2
e-89-135 89 82 1 2
e-0-49 0 83 1 0
e-2-49 2 83 1 0
e-3-49 3 83 1 0
e-4-49 4 83 1 0
e-6-49 6 83 0 1
e-7-49 7 83 0 1
e-10-49 10 83 0 1
e-17-49 17 83 0 1
e-42-49 42 83 0 1
e-47-49 47 83 0 1
e-52-49 52 83 0 1
e-62-49 62 83 0 1
e-78-49 78 83 0 1
e-82-49 82 83 1 2
e-83-49 83 83 1 2
e-85-49 85 83 1 2
e-89-49 89 83 1 2
e-0-82 0 83 1 0
e-2-82 2 83 1 0
e-3-82 3 83 1 0
e-4-82 4 83 1 0
e-6-82 6 83 0 1
e-7-82 7 83 0 1
e-10-82 10 83 0 1
e-17-82 17 83 0 1
e-42-82 42 83 0 1
e-47-82 47 83 0 1
e-52-82 52 83 0 1
e-62-82 62 83 0 1
e-78-82 78 83 0 1
e-82-82 82 83 1 2
e-83-82 83 83 1 2
e-85-82 85 83 1 2
e-89-82 89 83 1 2
e-0-147 0 84 1 0
e-2-147 2 84 1 0
e-3-147 3 84 1 0
e-4-147 4 84 1 0
e-6-147 6 84 0 1
e-7-147 7 84 0 1
e-10-147 10 84 0 1
e-17-147 17 84 0 1
e-42-147 42 84 0 1
e-47-147 47 84 0 1
e-52-147 52 84 0 1
e-58-147 58 84 0 1
e-78-147 78 84 0 1
e-82-147 82 84 1 2
e-83-147 83 84 1 2
e-85-147 85 84 1 2
e-89-147 89 84 1 2
e-0-88 0 85 1 0
e-2-88 2 85 1 0
e-3-88 3 85 1 0
e-4-88 4 85 1 0
e-6-88 6 85 0 1
e-7-88 7 85 0 1
e-10-88 10 85 0 1
e-16-88 16 85 0 1
e-45-88 45 85 0 1
e-48-88 48 85 0 1
e-52-88 52 85 0 1
e-63-88 63 85 0 1
e-78-88 78 85 0 1
e-82-88 82 85 1 2
e-83-88 83 85 1 2
e-85-88 85 85 1 2
e-89-88 89 85 1 2
e-0-138 0 85 1 0
e-2-138 2 85 1 0
e-3-138 3 85 1 0
e-4-138 4 85 1 0
e-6-138 6 85 0 1
e-7-138 7 85 0 1
e-10-138 10 85 0 1
e-16-138 16 85 0 1
e-45-138 45 85 0 1
e-48-138 48 85 0 1
e-52-138 52 85 0 1
e-63-138 63 85 0 1
e-78-138 78 85 0 1
e-82-138 82 85 1 2
e-83-138 83 85 1 2
e-85-138 85 85 1 2
e-89-138 89 85 1 2
e-0-143 0 85 1 0
e-2-143 2 85 1 0
e-3-143 3 85 1 0
e-4-143 4 85 1 0
e-6-143 6 85 0 1
e-7-143 7 85 0 1
e-10-143 10 85 0 1
e-16-143 16 85 0 1
e-45-143 45 85 0 1
e-48-143 48 85 0 1
e-52-143 52 85 0 1
e-63-143 63 85 0 1
e-78-143 78 85 0 1
e-82-143 82 85 1 2
e-83-143 83 85 1 2
e-85-143 85 85 1 2
e-89-143 89 85 1 2
e-0-179 0 85 1 0
e-2-179 2 85 1 0
e-3-179 3 85 1 0
e-4-179 4 85 1 0
e-6-179 6 85 0 1
e-7-179 7 85 0 1
e-10-179 10 85 0 1
e-16-179 16 85 0 1
e-45-179 45 85 0 1
e-48-179 48 85 0 1
e-52-179 52 85 0 1
e-63-179 63 85 0 1
e-78-179 78 85 0 1
e-82-179 82 85 1 2
e-83-179 83 85 1 2
e-85-179 85 85 1 2
e-89-179 89 85 1 2
e-0-37 0 86 1 0
e-2-37 2 86 1 0
e-3-37 3 86 1 0
e-4-37 4 86 1 0
e-6-37 6 86 0 1
e-7-37 7 86 0 1
e-10-37 10 86 0 1
e-16-37 16 86 0 1
e-44-37 44 86 0 1
e-48-37 48 86 0 1
e-52-37 52 86 0 1
e-58-37 58 86 0 1
e-78-37 78 86 0 1
e-82-37 82 86 1 2
e-83-37 83 86 1 2
e-85-37 85 86 1 2
e-89-37 89 86 1 2
e-0-94 0 87 1 0
e-2-94 2 87 1 0
e-3-94 3 87 1 0
e-4-94 4 87 1 0
e-6-94 6 87 0 1
e-7-94 7 87 0 1
e-10-94 10 87 0 1
e-16-94 16 87 0 1
e-44-94 44 87 0 1
e-48-94 48 87 0 1
e-52-94 52 87 0 1
e-57-94 57 87 0 1
e-78-94 78 87 0 1
e-82-94 82 87 1 2
e-83-94 83 87 1 2
e-85-94 85 87 1 2
e-89-94 89 87 1 2
e-0-159 0 88 1 0
e-2-159 2 88 1 0
e-3-159 3 88 1 0
e-4-159 4 88 1 0
e-6-159 6 88 0 1
e-7-159 7 88 0 1
e-10-159 10 88 0 1
e-15-159 15 88 0 1
e-45-159 45 88 0 1
e-48-159 48 88 0 1
e-53-159 53 88 0 1
e-64-159 64 88 0 1
e-78-159 78 88 0 1
e-82-159 82 88 1 2
e-83-159 83 88 1 2
e-85-159 85 88 1 2
e-89-159 89 88 1 2
e-0-163 0 88 1 0
e-2-163 2 88 1 0
e-3-163 3 88 1 0
e-4-163 4 88 1 0
e-6-163 6 88 0 1
e-7-163 7 88 0 1
e-10-163 10 88 0 1
e-15-163 15 88 0 1
e-45-163 45 88 0 1
e-48-163 48 88 0 1
e-53-163 53 88 0 1
e-64-163 64 88 0 1
e-78-163 78 88 0 1
e-82-163 82 88 1 2
e-83-163 83 88 1 2
e-85-163 85 88 1 2
e-89-163 89 88 1 2
e-0-186 0 89 1 0
e-2-186 2 89 1 0
e-3-186 3 89 1 0
e-4-186 4 89 1 0
e-6-186 6 89 0 1
e-7-186 7 89 0 1
e-10-186 10 89 0 1
e-15-186 15 89 0 1
e-45-186 45 89 0 1
e-48-186 48 89 0 1
e-53-186 53 89 0 1
e-63-186 63 89 0 1
e-78-186 78 89 0 1
e-82-186 82 89 1 2
e-83-186 83 89 1 2
e-85-186 85 89 1 2
e-89-186 89 89 1 2
e-0-123 0 90 1 0
e-2-123 2 90 1 0
e-3-123 3 90 1 0
e-4-123 4 90 1 0
e-6-123 6 90 0 1
e-7-123 7 90 0 1
e-10-123 10 90 0 1
e-15-123 15 90 0 1
e-45-123 45 90 0 1
e-48-123 48 90 0 1
e-53-123 53 90 0 1
e-60-123 60 90 0 1
e-78-123 78 90 0 1
e-82-123 82 90 1 2
e-83-123 83 90 1 2
e-85-123 85 90 1 2
e-89-123 89 90 1 2
e-0-4 0 91 1 0
e-2-4 2 91 1 0
e-3-4 3 91 1 0
e-4-4 4 91 1 0
e-6-4 6 91 0 1
e-7-4 7 91 0 1
e-10-4 10 91 0 1
e-14-4 14 91 0 1
e-45-4 45 91 0 1
e-48-4 48 91 0 1
e-53-4 53 91 0 1
e-66-4 66 91 0 1
e-78-4 78 91 0 1
e-82-4 82 91 1 2
e-83-4 83 91 1 2
e-85-4 85 91 1 2
e-89-4 89 91 1 2
e-0-36 0 92 1 0
e-2-36 2 92 1 0
e-3-36 3 92 1 0
e-4-36 4 92 1 0
e-6-36 6 92 0 1
e-7-36 7 92 0 1
e-10-36 10 92 0 1
e-14-36 14 92 0 1
e-45-36 45 92 0 1
e-48-36 48 92 0 1
e-53-36 53 92 0 1
e-65-36 65 92 0 1
e-78-36 78 92 0 1
e-82-36 82 92 1 2
e-83-36 83 92 1 2
e-84-36 84 92 1 2
e-85-36 85 92 1 2
e-89-36 89 92 1 2
e-0-62 0 92 1 0
e-2-62 2 92 1 0
e-3-62 3 92 1 0
e-4-62 4 92 1 0
e-6-62 6 92 0 1
e-7-62 7 92 0 1
e-10-62 10 92 0 1
e-14-62 14 92 0 1
e-45-62 45 92 0 1
e-48-62 48 92 0 1
e-53-62 53 92 0 1
e-65-62 65 92 0 1
e-78-62 78 92 0 1
e-82-62 82 92 1 2
e-83-62 83 92 1 2
e-85-62 85 92 1 2
e-89-62 89 92 1 2
e-0-173 0 92 1 0
e-2-173 2 92 1 0
e-3-173 3 92 1 0
e-4-173 4 92 1 0
e-6-173 6 92 0 1
e-7-173 7 92 0 1
e-10-173 10 92 0 1
e-14-173 14 92 0 1
e-45-173 45 92 0 1
e-48-173 48 92 0 1
e-53-173 53 92 0 1
e-65-173 65 92 0 1
e-78-173 78 92 0 1
e-82-173 82 92 1 2
e-83-173 83 92 1 2
e-85-173 85 92 1 2
e-89-173 89 92 1 2
e-0-197 0 93 1 0
e-2-197 2 93 1 0
e-3-197 3 93 1 0
e-4-197 4 93 1 0
e-6-197 6 93 0 1
e-7-197 7 93 0 1
e-10-197 10 93 0 1
e-13-197 13 93 0 1
e-44-197 44 93 0 1
e-48-197 48 93 0 1
e-53-197 53 93 0 1
e-65-197 65 93 0 1
e-78-197 78 93 0 1
e-82-197 82 93 1 2
e-83-197 83 93 1 2
e-85-197 85 93 1 2
e-89-197 89 93 1 2
e-0-125 0 94 1 0
e-2-125 2 94 1 0
e-3-125 3 94 1 0
e-4-125 4 94 1 0
e-6-125 6 94 0 1
e-7-125 7 94 0 1
e-10-125 10 94 0 1
e-13-125 13 94 0 1
e-44-125 44 94 0 1
e-48-125 48 94 0 1
e-53-125 53 94 0 1
e-64-125 64 94 0 1
e-78-125 78 94 0 1
e-82-125 82 94 1 2
e-83-125 83 94 1 2
e-85-125 85 94 1 2
e-89-125 89 94 1 2
e-0-166 0 94 1 0
e-2-166 2 94 1 0
e-3-166 3 94 1 0
e-4-166 4 94 1 0
e-6-166 6 94 0 1
e-7-166 7 94 0 1
e-10-166 10 94 0 1
e-13-166 13 94 0 1
e-44-166 44 94 0 1
e-48-166 48 94 0 1
e-53-166 53 94 0 1
e-64-166 64 94 0 1
e-78-166 78 94 0 1
e-82-166 82 94 1 2
e-83-166 83 94 1 2
e-85-166 85 94 1 2
e-89-166 89 94 1 2
e-0-63 0 95 1 0
e-2-63 2 95 1 0
e-3-63 3 95 1 0
e-4-63 4 95 1 0
e-6-63 6 95 0 1
e-7-63 7 95 0 1
e-10-63 10 95 0 1
e-13-63 13 95 0 1
e-44-63 44 95 0 1
e-48-63 48 95 0 1
e-52-63 52 95 0 1
e-73-63 73 95 0 1
e-78-63 78 95 0 1
e-82-63 82 95 1 2
e-83-63 83 95 1 2
e-85-63 85 95 1 2
e-89-63 89 95 1 2
e-0-116 0 96 1 0
e-2-116 2 96 1 0
e-3-116 3 96 1 0
e-4-116 4 96 1 0
e-6-116 6 96 0 1
e-7-116 7 96 0 1
e-10-116 10 96 0 1
e-12-116 12 96 0 1
e-45-116 45 96 0 1
e-48-116 48 96 0 1
e-53-116 53 96 0 1
e-56-116 56 96 0 1
e-78-116 78 96 0 1
e-82-116 82 96 1 2
e-83-116 83 96 1 2
e-85-116 85 96 1 2
e-89-116 89 96 1 2
e-0-177 0 97 1 0
e-2-177 2 97 1 0
e-3-177 3 97 1 0
e-4-177 4 97 1 0
e-6-177 6 97 0 1
e-7-177 7 97 0 1
e-10-177 10 97 0 1
e-12-177 12 97 0 1
e-45-177 45 97 0 1
e-48-177 48 97 0 1
e-53-177 53 97 0 1
e-55-177 55 97 0 1
e-78-177 78 97 0 1
e-82-177 82 97 1 2
e-83-177 83 97 1 2
e-85-177 85 97 1 2
e-89-177 89 97 1 2
e-0-172 0 98 1 0
e-2-172 2 98 1 0
e-3-172 3 98 1 0
e-4-172 4 98 1 0
e-6-172 6 98 0 1
e-7-172 7 98 0 1
e-10-172 10 98 0 1
e-12-172 12 98 0 1
e-45-172 45 98 0 1
e-48-172 48 98 0 1
e-52-172 52 98 0 1
e-69-172 69 98 0 1
e-78-172 78 98 0 1
e-82-172 82 98 1 2
e-83-172 83 98 1 2
e-85-172 85 98 1 2
e-89-172 89 98 1 2
e-0-140 0 99 1 0
e-2-140 2 99 1 0
e-3-140 3 99 1 0
e-4-140 4 99 1 0
e-6-140 6 99 0 1
e-7-140 7 99 0 1
e-10-140 10 99 0 1
e-11-140 11 99 0 1
e-45-140 45 99 0 1
e-48-140 48 99 0 1
e-52-140 52 99 0 1
e-55-140 55 99 0 1
e-78-140 78 99 0 1
e-82-140 82 99 1 2
e-83-140 83 99 1 2
e-85-140 85 99 1 2
e-89-140 89 99 1 2
e-0-42 0 100 1 0
e-2-42 2 100 1 0
e-3-42 3 100 1 0
e-4-42 4 100 1 0
e-6-42 6 100 0 1
e-7-42 7 100 0 1
e-10-42 10 100 0 1
e-11-42 11 100 0 1
e-45-42 45 100 0 1
e-48-42 48 100 0 1
e-52-42 52 100 0 1
e-54-42 54 100 0 1
e-78-42 78 100 0 1
e-82-42 82 100 1 2
e-83-42 83 100 1 2
e-85-42 85 100 1 2
e-89-42 89 100 1 2
e-0-128 0 100 1 0
e-2-128 2 100 1 0
e-3-128 3 100 1 0
e-4-128 4 100 1 0
e-6-128 6 100 0 1
e-7-128 7 100 0 1
e-10-128 10 100 0 1
e-11-128 11 100 0 1
e-45-128 45 100 0 1
e-48-128 48 100 0 1
e-52-128 52 100 0 1
e-54-128 54 100 0 1
e-78-128 78 100 0 1
e-82-128 82 100 1 2
e-83-128 83 100 1 2
e-85-128 85 100 1 2
e-89-128 89 100 1 2
e-0-195 0 100 1 0
e-2-195 2 100 1 0
e-3-195 3 100 1 0
e-4-195 4 100 1 0
e-6-195 6 100 0 1
e-7-195 7 100 0 1
e-10-195 10 100 0 1
e-11-195 11 100 0 1
e-45-195 45 100 0 1
e-48-195 48 100 0 1
e-52-195 52 100 0 1
e-54-195 54 100 0 1
e-78-195 78 100 0 1
e-82-195 82 100 1 2
e-83-195 83 100 1 2
e-85-195 85 100 1 2
e-89-195 89 100 1 2
e-0-10 0 101 1 0
e-1-10 1 101 1 0
e-2-10 2 101 1 0
e-3-10 3 101 1 0
e-4-10 4 101 1 0
e-5-10 5 101 0 1
e-8-10 8 101 0 1
e-9-10 9 101 0 1
e-27-10 27 101 0 1
e-46-10 46 101 0 1
e-48-10 48 101 0 1
e-50-10 50 101 0 1
e-73-10 73 101 0 1
e-78-10 78 101 0 1
e-80-10 80 101 0 1
e-81-10 81 101 0 1
e-86-10 86 101 1 2
e-87-10 87 101 1 2
e-88-10 88 101 1 2
e-89-10 89 101 1 2
e-0-17 0 102 1 0
e-1-17 1 102 1 0
e-2-17 2 102 1 0
e-3-17 3 102 1 0
e-4-17 4 102 1 0
e-5-17 5 102 0 1
e-8-17 8 102 0 1
e-9-17 9 102 0 1
e-27-17 27 102 0 1
e-46-17 46 102 0 1
e-48-17 48 102 0 1
e-50-17 50 102 0 1
e-70-17 70 102 0 1
e-78-17 78 102 0 1
e-80-17 80 102 0 1
e-81-17 81 102 0 1
e-86-17 86 102 1 2
e-87-17 87 102 1 2
e-88-17 88 102 1 2
e-89-17 89 102 1 2
e-0-13 0 103 1 0
e-1-13 1 103 1 0
e-2-13 2 103 1 0
e-3-13 3 103 1 0
e-4-13 4 103 1 0
e-5-13 5 103 0 1
e-8-13 8 103 0 1
e-9-13 9 103 0 1
e-27-13 27 103 0 1
e-46-13 46 103 0 1
e-48-13 48 103 0 1
e-50-13 50 103 0 1
e-69-13 69 103 0 1
e-78-13 78 103 0 1
e-80-13 80 103 0 1
e-81-13 81 103 0 1
e-86-13 86 103 1 2
e-87-13 87 103 1 2
e-88-13 88 103 1 2
e-89-13 89 103 1 2
e-0-109 0 103 1 0
e-1-109 1 103 1 0
e-2-109 2 103 1 0
e-3-109 3 103 1 0
e-4-109 4 103 1 0
e-5-109 5 103 0 1
e-8-109 8 103 0 1
e-9-109 9 103 0 1
e-27-109 27 103 0 1
e-46-109 46 103 0 1
e-48-109 48 103 0 1
e-50-109 50 103 0 1
e-69-109 69 103 0 1
e-78-109 78 103 0 1
e-80-109 80 103 0 1
e-81-109 81 103 0 1
e-86-109 86 103 1 2
e-87-109 87 103 1 2
e-88-109 88 103 1 2
e-89-109 89 103 1 2
e-0-193 0 103 1 0
e-1-193 1 103 1 0
e-2-193 2 103 1 0
e-3-193 3 103 1 0
e-4-193 4 103 1 0
e-5-193 5 103 0 1
e-8-193 8 103 0 1
e-9-193 9 103 0 1
e-27-193 27 103 0 1
e-46-193 46 103 0 1
e-48-193 48 103 0 1
e-50-193 50 103 0 1
e-69-193 69 103 0 1
e-78-193 78 103 0 1
e-80-193 80 103 0 1
e-81-193 81 103 0 1
e-86-193 86 103 1 2
e-87-193 87 103 1 2
e-88-193 88 103 1 2
e-89-193 89 103 1 2
