e-0-119 0 0 1 0
e-2-119 1 0 1 0
e-3-119 2 0 1 0
e-4-119 3 0 1 0
e-6-119 4 0 0 1
e-7-119 5 0 0 1
e-10-119 6 0 0 1
e-40-119 7 0 0 1
e-44-119 8 0 0 1
e-47-119 9 0 0 1
e-52-119 10 0 0 1
e-62-119 11 0 0 1
e-78-119 12 0 0 1
e-82-119 13 0 1 2
e-83-119 14 0 1 2
e-85-119 15 0 1 2
e-89-119 16 0 1 2
e-0-84 0 1 1 0
e-2-84 1 1 1 0
e-3-84 2 1 1 0
e-4-84 3 1 1 0
e-6-84 4 1 0 1
e-7-84 5 1 0 1
e-10-84 6 1 0 1
e-40-84 7 1 0 1
e-43-84 8 1 0 1
e-48-84 9 1 0 1
e-53-84 10 1 0 1
e-61-84 11 1 0 1
e-78-84 12 1 0 1
e-82-84 13 1 1 2
e-83-84 14 1 1 2
e-85-84 15 1 1 2
e-89-84 16 1 1 2
e-0-136 0 1 1 3
e-2-136 1 1 1 3
e-3-136 2 1 1 3
e-4-136 3 1 1 3
e-6-136 4 1 0 3
e-7-136 5 1 0 3
e-10-136 6 1 0 3
e-40-136 7 1 0 3
e-43-136 8 1 0 3
e-48-136 9 1 0 3
e-53-136 10 1 0 3
e-61-136 11 1 0 3
e-78-136 12 1 0 3
e-82-136 13 1 1 3
e-83-136 14 1 1 3
e-85-136 15 1 1 3
e-89-136 16 1 1 3
e-0-154 0 1 1 3
e-2-154 1 1 1 3
e-3-154 2 1 1 3
e-4-154 3 1 1 3
e-6-154 4 1 0 3
e-7-154 5 1 0 3
e-10-154 6 1 0 3
e-40-154 7 1 0 3
e-43-154 8 1 0 3
e-48-154 9 1 0 3
e-53-154 10 1 0 3
e-61-154 11 1 0 3
e-78-154 12 1 0 3
e-82-154 13 1 1 3
e-83-154 14 1 1 3
e-85-154 15 1 1 3
e-89-154 16 1 1 3
e-0-162 0 2 1 0
e-2-162 1 2 1 0
e-3-162 2 2 1 0
e-4-162 3 2 1 0
e-6-162 4 2 0 1
e-7-162 5 2 0 1
e-10-162 6 2 0 1
e-40-162 7 2 0 1
e-43-162 8 2 0 1
e-48-162 9 2 0 1
e-53-162 10 2 0 1
e-60-162 11 2 0 1
e-78-162 12 2 0 1
e-82-162 13 2 1 2
e-83-162 14 2 1 2
e-85-162 15 2 1 2
e-89-162 16 2 1 2
e-0-15 0 3 1 0
e-2-15 1 3 1 0
e-3-15 2 3 1 0
e-4-15 3 3 1 0
e-6-15 4 3 0 1
e-7-15 5 3 0 1
e-10-15 6 3 0 1
e-40-15 7 3 0 1
e-42-15 8 3 0 1
e-49-15 9 3 0 1
e-52-15 10 3 0 1
e-72-15 11 3 0 1
e-77-15 12 3 0 1
e-82-15 13 3 1 2
e-83-15 14 3 1 2
e-85-15 15 3 1 2
e-89-15 16 3 1 2
e-0-152 0 3 1 3
e-2-152 1 3 1 3
e-3-152 2 3 1 3
e-4-152 3 3 1 3
e-6-152 4 3 0 3
e-7-152 5 3 0 3
e-10-152 6 3 0 3
e-40-152 7 3 0 3
e-42-152 8 3 0 3
e-49-152 9 3 0 3
e-52-152 10 3 0 3
e-72-152 11 3 0 3
e-77-152 12 3 0 3
e-82-152 13 3 1 3
e-83-152 14 3 1 3
e-85-152 15 3 1 3
e-89-152 16 3 1 3
e-0-199 0 3 1 3
e-2-199 1 3 1 3
e-3-199 2 3 1 3
e-4-199 3 3 1 3
e-6-199 4 3 0 3
e-7-199 5 3 0 3
e-10-199 6 3 0 3
e-40-199 7 3 0 3
e-42-199 8 3 0 3
e-49-199 9 3 0 3
e-52-199 10 3 0 3
e-72-199 11 3 0 3
e-77-199 12 3 0 3
e-82-199 13 3 1 3
e-83-199 14 3 1 3
e-85-199 15 3 1 3
e-89-199 16 3 1 3
e-0-122 0 4 1 0
e-2-122 1 4 1 0
e-3-122 2 4 1 0
e-4-122 3 4 1 0
e-6-122 4 4 0 1
e-7-122 5 4 0 1
e-10-122 6 4 0 1
e-40-122 7 4 0 1
e-42-122 8 4 0 1
e-49-122 9 4 0 1
e-52-122 10 4 0 1
e-61-122 11 4 0 1
e-78-122 12 4 0 1
e-82-122 13 4 1 2
e-83-122 14 4 1 2
e-84-122 15 4 1 2
e-85-122 16 4 1 2
e-89-122 17 4 1 2
e-0-32 0 5 1 0
e-2-32 1 5 1 0
e-3-32 2 5 1 0
e-4-32 3 5 1 0
e-6-32 4 5 0 1
e-7-32 5 5 0 1
e-10-32 6 5 0 1
e-40-32 7 5 0 1
e-42-32 8 5 0 1
e-49-32 9 5 0 1
e-51-32 10 5 0 1
e-72-32 11 5 0 1
e-77-32 12 5 0 1
e-82-32 13 5 1 2
e-83-32 14 5 1 2
e-85-32 15 5 1 2
e-89-32 16 5 1 2
e-0-64 0 5 1 3
e-2-64 1 5 1 3
e-3-64 2 5 1 3
e-4-64 3 5 1 3
e-6-64 4 5 0 3
e-7-64 5 5 0 3
e-10-64 6 5 0 3
e-40-64 7 5 0 3
e-42-64 8 5 0 3
e-49-64 9 5 0 3
e-51-64 10 5 0 3
e-72-64 11 5 0 3
e-77-64 12 5 0 3
e-82-64 13 5 1 3
e-83-64 14 5 1 3
e-84-64 15 5 1 3
e-85-64 16 5 1 3
e-89-64 17 5 1 3
e-0-19 0 6 1 0
e-2-19 1 6 1 0
e-3-19 2 6 1 0
e-4-19 3 6 1 0
e-6-19 4 6 0 1
e-7-19 5 6 0 1
e-10-19 6 6 0 1
e-40-19 7 6 0 1
e-42-19 8 6 0 1
e-49-19 9 6 0 1
e-51-19 10 6 0 1
e-61-19 11 6 0 1
e-78-19 12 6 0 1
e-82-19 13 6 1 2
e-83-19 14 6 1 2
e-85-19 15 6 1 2
e-89-19 16 6 1 2
e-0-142 0 6 1 3
e-2-142 1 6 1 3
e-3-142 2 6 1 3
e-4-142 3 6 1 3
e-6-142 4 6 0 3
e-7-142 5 6 0 3
e-10-142 6 6 0 3
e-40-142 7 6 0 3
e-42-142 8 6 0 3
e-49-142 9 6 0 3
e-51-142 10 6 0 3
e-61-142 11 6 0 3
e-78-142 12 6 0 3
e-82-142 13 6 1 3
e-83-142 14 6 1 3
e-85-142 15 6 1 3
e-89-142 16 6 1 3
e-0-146 0 6 1 3
e-2-146 1 6 1 3
e-3-146 2 6 1 3
e-4-146 3 6 1 3
e-6-146 4 6 0 3
e-7-146 5 6 0 3
e-10-146 6 6 0 3
e-40-146 7 6 0 3
e-42-146 8 6 0 3
e-49-146 9 6 0 3
e-51-146 10 6 0 3
e-61-146 11 6 0 3
e-78-146 12 6 0 3
e-82-146 13 6 1 3
e-83-146 14 6 1 3
e-85-146 15 6 1 3
e-89-146 16 6 1 3
e-0-5 0 7 1 0
e-2-5 1 7 1 0
e-3-5 2 7 1 0
e-4-5 3 7 1 0
e-6-5 4 7 0 1
e-7-5 5 7 0 1
e-10-5 6 7 0 1
e-40-5 7 7 0 1
e-42-5 8 7 0 1
e-49-5 9 7 0 1
e-50-5 10 7 0 1
e-70-5 11 7 0 1
e-78-5 12 7 0 1
e-82-5 13 7 1 2
e-83-5 14 7 1 2
e-85-5 15 7 1 2
e-89-5 16 7 1 2
e-0-73 0 7 1 3
e-2-73 1 7 1 3
e-3-73 2 7 1 3
e-4-73 3 7 1 3
e-6-73 4 7 0 3
e-7-73 5 7 0 3
e-10-73 6 7 0 3
e-40-73 7 7 0 3
e-42-73 8 7 0 3
e-49-73 9 7 0 3
e-50-73 10 7 0 3
e-70-73 11 7 0 3
e-78-73 12 7 0 3
e-82-73 13 7 1 3
e-83-73 14 7 1 3
e-85-73 15 7 1 3
e-89-73 16 7 1 3
e-0-168 0 7 1 3
e-2-168 1 7 1 3
e-3-168 2 7 1 3
e-4-168 3 7 1 3
e-6-168 4 7 0 3
e-7-168 5 7 0 3
e-10-168 6 7 0 3
e-40-168 7 7 0 3
e-42-168 8 7 0 3
e-49-168 9 7 0 3
e-50-168 10 7 0 3
e-70-168 11 7 0 3
e-78-168 12 7 0 3
e-82-168 13 7 1 3
e-83-168 14 7 1 3
e-85-168 15 7 1 3
e-89-168 16 7 1 3
e-0-178 0 7 1 3
e-2-178 1 7 1 3
e-3-178 2 7 1 3
e-4-178 3 7 1 3
e-6-178 4 7 0 3
e-7-178 5 7 0 3
e-10-178 6 7 0 3
e-40-178 7 7 0 3
e-42-178 8 7 0 3
e-49-178 9 7 0 3
e-50-178 10 7 0 3
e-70-178 11 7 0 3
e-78-178 12 7 0 3
e-82-178 13 7 1 3
e-83-178 14 7 1 3
e-84-178 15 7 1 3
e-85-178 16 7 1 3
e-89-178 17 7 1 3
e-0-6 0 8 1 0
e-2-6 1 8 1 0
e-3-6 2 8 1 0
e-4-6 3 8 1 0
e-6-6 4 8 0 1
e-7-6 5 8 0 1
e-10-6 6 8 0 1
e-40-6 7 8 0 1
e-42-6 8 8 0 1
e-48-6 9 8 0 1
e-53-6 10 8 0 1
e-76-6 11 8 0 1
e-78-6 12 8 0 1
e-82-6 13 8 1 2
e-83-6 14 8 1 2
e-85-6 15 8 1 2
e-89-6 16 8 1 2
e-0-54 0 8 1 3
e-2-54 1 8 1 3
e-3-54 2 8 1 3
e-4-54 3 8 1 3
e-6-54 4 8 0 3
e-7-54 5 8 0 3
e-10-54 6 8 0 3
e-40-54 7 8 0 3
e-42-54 8 8 0 3
e-48-54 9 8 0 3
e-53-54 10 8 0 3
e-76-54 11 8 0 3
e-78-54 12 8 0 3
e-82-54 13 8 1 3
e-83-54 14 8 1 3
e-85-54 15 8 1 3
e-89-54 16 8 1 3
e-0-57 0 8 1 3
e-2-57 1 8 1 3
e-3-57 2 8 1 3
e-4-57 3 8 1 3
e-6-57 4 8 0 3
e-7-57 5 8 0 3
e-10-57 6 8 0 3
e-40-57 7 8 0 3
e-42-57 8 8 0 3
e-48-57 9 8 0 3
e-53-57 10 8 0 3
e-76-57 11 8 0 3
e-78-57 12 8 0 3
e-82-57 13 8 1 3
e-83-57 14 8 1 3
e-85-57 15 8 1 3
e-89-57 16 8 1 3
e-0-106 0 8 1 3
e-2-106 1 8 1 3
e-3-106 2 8 1 3
e-4-106 3 8 1 3
e-6-106 4 8 0 3
e-7-106 5 8 0 3
e-10-106 6 8 0 3
e-40-106 7 8 0 3
e-42-106 8 8 0 3
e-48-106 9 8 0 3
e-53-106 10 8 0 3
e-76-106 11 8 0 3
e-78-106 12 8 0 3
e-83-106 13 8 1 3
e-85-106 14 8 1 3
e-89-106 15 8 1 3
e-0-160 0 8 1 3
e-2-160 1 8 1 3
e-3-160 2 8 1 3
e-4-160 3 8 1 3
e-6-160 4 8 0 3
e-7-160 5 8 0 3
e-10-160 6 8 0 3
e-40-160 7 8 0 3
e-42-160 8 8 0 3
e-48-160 9 8 0 3
e-53-160 10 8 0 3
e-76-160 11 8 0 3
e-78-160 12 8 0 3
e-82-160 13 8 1 3
e-83-160 14 8 1 3
e-84-160 15 8 1 3
e-85-160 16 8 1 3
e-89-160 17 8 1 3
e-0-81 0 9 1 0
e-2-81 1 9 1 0
e-3-81 2 9 1 0
e-4-81 3 9 1 0
e-6-81 4 9 0 1
e-7-81 5 9 0 1
e-10-81 6 9 0 1
e-40-81 7 9 0 1
e-42-81 8 9 0 1
e-48-81 9 9 0 1
e-53-81 10 9 0 1
e-70-81 11 9 0 1
e-78-81 12 9 0 1
e-82-81 13 9 1 2
e-83-81 14 9 1 2
e-84-81 15 9 1 2
e-85-81 16 9 1 2
e-89-81 17 9 1 2
e-0-174 0 9 1 3
e-2-174 1 9 1 3
e-3-174 2 9 1 3
e-4-174 3 9 1 3
e-6-174 4 9 0 3
e-7-174 5 9 0 3
e-10-174 6 9 0 3
e-40-174 7 9 0 3
e-42-174 8 9 0 3
e-48-174 9 9 0 3
e-53-174 10 9 0 3
e-70-174 11 9 0 3
e-78-174 12 9 0 3
e-82-174 13 9 1 3
e-83-174 14 9 1 3
e-84-174 15 9 1 3
e-85-174 16 9 1 3
e-89-174 17 9 1 3
e-0-176 0 9 1 3
e-2-176 1 9 1 3
e-3-176 2 9 1 3
e-4-176 3 9 1 3
e-6-176 4 9 0 3
e-7-176 5 9 0 3
e-10-176 6 9 0 3
e-40-176 7 9 0 3
e-42-176 8 9 0 3
e-48-176 9 9 0 3
e-53-176 10 9 0 3
e-70-176 11 9 0 3
e-78-176 12 9 0 3
e-82-176 13 9 1 3
e-83-176 14 9 1 3
e-85-176 15 9 1 3
e-89-176 16 9 1 3
e-0-93 0 10 1 0
e-2-93 1 10 1 0
e-3-93 2 10 1 0
e-4-93 3 10 1 0
e-6-93 4 10 0 1
e-7-93 5 10 0 1
e-10-93 6 10 0 1
e-40-93 7 10 0 1
e-42-93 8 10 0 1
e-48-93 9 10 0 1
e-53-93 10 10 0 1
e-65-93 11 10 0 1
e-78-93 12 10 0 1
e-82-93 13 10 1 2
e-83-93 14 10 1 2
e-84-93 15 10 1 2
e-85-93 16 10 1 2
e-89-93 17 10 1 2
e-0-25 0 11 1 0
e-2-25 1 11 1 0
e-3-25 2 11 1 0
e-4-25 3 11 1 0
e-6-25 4 11 0 1
e-7-25 5 11 0 1
e-10-25 6 11 0 1
e-40-25 7 11 0 1
e-42-25 8 11 0 1
e-48-25 9 11 0 1
e-53-25 10 11 0 1
e-59-25 11 11 0 1
e-78-25 12 11 0 1
e-82-25 13 11 1 2
e-83-25 14 11 1 2
e-85-25 15 11 1 2
e-89-25 16 11 1 2
e-0-30 0 11 1 3
e-2-30 1 11 1 3
e-3-30 2 11 1 3
e-4-30 3 11 1 3
e-6-30 4 11 0 3
e-7-30 5 11 0 3
e-10-30 6 11 0 3
e-40-30 7 11 0 3
e-42-30 8 11 0 3
e-48-30 9 11 0 3
e-53-30 10 11 0 3
e-59-30 11 11 0 3
e-78-30 12 11 0 3
e-82-30 13 11 1 3
e-83-30 14 11 1 3
e-85-30 15 11 1 3
e-89-30 16 11 1 3
e-0-33 0 11 1 3
e-2-33 1 11 1 3
e-3-33 2 11 1 3
e-4-33 3 11 1 3
e-6-33 4 11 0 3
e-7-33 5 11 0 3
e-10-33 6 11 0 3
e-40-33 7 11 0 3
e-42-33 8 11 0 3
e-48-33 9 11 0 3
e-53-33 10 11 0 3
e-59-33 11 11 0 3
e-78-33 12 11 0 3
e-82-33 13 11 1 3
e-83-33 14 11 1 3
e-85-33 15 11 1 3
e-89-33 16 11 1 3
e-0-112 0 12 1 0
e-2-112 1 12 1 0
e-3-112 2 12 1 0
e-4-112 3 12 1 0
e-6-112 4 12 0 1
e-7-112 5 12 0 1
e-10-112 6 12 0 1
e-40-112 7 12 0 1
e-42-112 8 12 0 1
e-48-112 9 12 0 1
e-52-112 10 12 0 1
e-74-112 11 12 0 1
e-77-112 12 12 0 1
e-82-112 13 12 1 2
e-83-112 14 12 1 2
e-85-112 15 12 1 2
e-89-112 16 12 1 2
e-0-121 0 12 1 3
e-2-121 1 12 1 3
e-3-121 2 12 1 3
e-4-121 3 12 1 3
e-6-121 4 12 0 3
e-7-121 5 12 0 3
e-10-121 6 12 0 3
e-40-121 7 12 0 3
e-42-121 8 12 0 3
e-48-121 9 12 0 3
e-52-121 10 12 0 3
e-74-121 11 12 0 3
e-77-121 12 12 0 3
e-82-121 13 12 1 3
e-83-121 14 12 1 3
e-85-121 15 12 1 3
e-89-121 16 12 1 3
e-0-175 0 12 1 3
e-2-175 1 12 1 3
e-3-175 2 12 1 3
e-4-175 3 12 1 3
e-6-175 4 12 0 3
e-7-175 5 12 0 3
e-10-175 6 12 0 3
e-40-175 7 12 0 3
e-42-175 8 12 0 3
e-48-175 9 12 0 3
e-52-175 10 12 0 3
e-74-175 11 12 0 3
e-77-175 12 12 0 3
e-82-175 13 12 1 3
e-83-175 14 12 1 3
e-85-175 15 12 1 3
e-89-175 16 12 1 3
e-0-3 0 13 1 0
e-2-3 1 13 1 0
e-3-3 2 13 1 0
e-4-3 3 13 1 0
e-6-3 4 13 0 1
e-7-3 5 13 0 1
e-10-3 6 13 0 1
e-40-3 7 13 0 1
e-42-3 8 13 0 1
e-48-3 9 13 0 1
e-52-3 10 13 0 1
e-69-3 11 13 0 1
e-78-3 12 13 0 1
e-82-3 13 13 1 2
e-83-3 14 13 1 2
e-85-3 15 13 1 2
e-89-3 16 13 1 2
e-0-156 0 13 1 3
e-2-156 1 13 1 3
e-3-156 2 13 1 3
e-4-156 3 13 1 3
e-6-156 4 13 0 3
e-7-156 5 13 0 3
e-10-156 6 13 0 3
e-40-156 7 13 0 3
e-42-156 8 13 0 3
e-48-156 9 13 0 3
e-52-156 10 13 0 3
e-69-156 11 13 0 3
e-78-156 12 13 0 3
e-82-156 13 13 1 3
e-83-156 14 13 1 3
e-85-156 15 13 1 3
e-89-156 16 13 1 3
e-0-92 0 14 1 0
e-2-92 1 14 1 0
e-3-92 2 14 1 0
e-4-92 3 14 1 0
e-6-92 4 14 0 1
e-7-92 5 14 0 1
e-10-92 6 14 0 1
e-40-92 7 14 0 1
e-42-92 8 14 0 1
e-48-92 9 14 0 1
e-52-92 10 14 0 1
e-64-92 11 14 0 1
e-78-92 12 14 0 1
e-82-92 13 14 1 2
e-83-92 14 14 1 2
e-85-92 15 14 1 2
e-89-92 16 14 1 2
e-0-134 0 14 1 3
e-2-134 1 14 1 3
e-3-134 2 14 1 3
e-4-134 3 14 1 3
e-6-134 4 14 0 3
e-7-134 5 14 0 3
e-10-134 6 14 0 3
e-40-134 7 14 0 3
e-42-134 8 14 0 3
e-48-134 9 14 0 3
e-52-134 10 14 0 3
e-64-134 11 14 0 3
e-78-134 12 14 0 3
e-82-134 13 14 1 3
e-83-134 14 14 1 3
e-85-134 15 14 1 3
e-89-134 16 14 1 3
e-0-89 0 15 1 0
e-2-89 1 15 1 0
e-3-89 2 15 1 0
e-4-89 3 15 1 0
e-6-89 4 15 0 1
e-7-89 5 15 0 1
e-10-89 6 15 0 1
e-40-89 7 15 0 1
e-42-89 8 15 0 1
e-48-89 9 15 0 1
e-52-89 10 15 0 1
e-56-89 11 15 0 1
e-78-89 12 15 0 1
e-82-89 13 15 1 2
e-83-89 14 15 1 2
e-85-89 15 15 1 2
e-89-89 16 15 1 2
e-0-52 0 16 1 0
e-2-52 1 16 1 0
e-3-52 2 16 1 0
e-4-52 3 16 1 0
e-6-52 4 16 0 1
e-7-52 5 16 0 1
e-10-52 6 16 0 1
e-40-52 7 16 0 1
e-42-52 8 16 0 1
e-48-52 9 16 0 1
e-50-52 10 16 0 1
e-73-52 11 16 0 1
e-78-52 12 16 0 1
e-82-52 13 16 1 2
e-83-52 14 16 1 2
e-85-52 15 16 1 2
e-89-52 16 16 1 2
e-0-87 0 16 1 3
e-2-87 1 16 1 3
e-3-87 2 16 1 3
e-4-87 3 16 1 3
e-6-87 4 16 0 3
e-7-87 5 16 0 3
e-10-87 6 16 0 3
e-40-87 7 16 0 3
e-42-87 8 16 0 3
e-48-87 9 16 0 3
e-50-87 10 16 0 3
e-73-87 11 16 0 3
e-78-87 12 16 0 3
e-82-87 13 16 1 3
e-83-87 14 16 1 3
e-85-87 15 16 1 3
e-89-87 16 16 1 3
e-0-107 0 16 1 3
e-2-107 1 16 1 3
e-3-107 2 16 1 3
e-4-107 3 16 1 3
e-6-107 4 16 0 3
e-7-107 5 16 0 3
e-10-107 6 16 0 3
e-40-107 7 16 0 3
e-42-107 8 16 0 3
e-48-107 9 16 0 3
e-50-107 10 16 0 3
e-73-107 11 16 0 3
e-78-107 12 16 0 3
e-82-107 13 16 1 3
e-83-107 14 16 1 3
e-84-107 15 16 1 3
e-85-107 16 16 1 3
e-89-107 17 16 1 3
e-0-124 0 16 1 3
e-2-124 1 16 1 3
e-3-124 2 16 1 3
e-4-124 3 16 1 3
e-6-124 4 16 0 3
e-7-124 5 16 0 3
e-10-124 6 16 0 3
e-40-124 7 16 0 3
e-42-124 8 16 0 3
e-48-124 9 16 0 3
e-50-124 10 16 0 3
e-73-124 11 16 0 3
e-78-124 12 16 0 3
e-82-124 13 16 1 3
e-83-124 14 16 1 3
e-85-124 15 16 1 3
e-89-124 16 16 1 3
e-0-190 0 16 1 3
e-2-190 1 16 1 3
e-3-190 2 16 1 3
e-4-190 3 16 1 3
e-6-190 4 16 0 3
e-7-190 5 16 0 3
e-10-190 6 16 0 3
e-40-190 7 16 0 3
e-42-190 8 16 0 3
e-48-190 9 16 0 3
e-50-190 10 16 0 3
e-73-190 11 16 0 3
e-78-190 12 16 0 3
e-82-190 13 16 1 3
e-83-190 14 16 1 3
e-85-190 15 16 1 3
e-89-190 16 16 1 3
e-0-101 0 17 1 0
e-2-101 1 17 1 0
e-3-101 2 17 1 0
e-4-101 3 17 1 0
e-6-101 4 17 0 1
e-7-101 5 17 0 1
e-10-101 6 17 0 1
e-40-101 7 17 0 1
e-42-101 8 17 0 1
e-48-101 9 17 0 1
e-50-101 10 17 0 1
e-66-101 11 17 0 1
e-78-101 12 17 0 1
e-82-101 13 17 1 2
e-83-101 14 17 1 2
e-85-101 15 17 1 2
e-89-101 16 17 1 2
e-0-96 0 18 1 0
e-2-96 1 18 1 0
e-3-96 2 18 1 0
e-4-96 3 18 1 0
e-6-96 4 18 0 1
e-7-96 5 18 0 1
e-10-96 6 18 0 1
e-40-96 7 18 0 1
e-42-96 8 18 0 1
e-48-96 9 18 0 1
e-50-96 10 18 0 1
e-58-96 11 18 0 1
e-78-96 12 18 0 1
e-82-96 13 18 1 2
e-83-96 14 18 1 2
e-85-96 15 18 1 2
e-89-96 16 18 1 2
e-0-161 0 18 1 3
e-2-161 1 18 1 3
e-3-161 2 18 1 3
e-4-161 3 18 1 3
e-6-161 4 18 0 3
e-7-161 5 18 0 3
e-10-161 6 18 0 3
e-40-161 7 18 0 3
e-42-161 8 18 0 3
e-48-161 9 18 0 3
e-50-161 10 18 0 3
e-58-161 11 18 0 3
e-78-161 12 18 0 3
e-82-161 13 18 1 3
e-83-161 14 18 1 3
e-84-161 15 18 1 3
e-85-161 16 18 1 3
e-89-161 17 18 1 3
e-0-185 0 18 1 3
e-2-185 1 18 1 3
e-3-185 2 18 1 3
e-4-185 3 18 1 3
e-6-185 4 18 0 3
e-7-185 5 18 0 3
e-10-185 6 18 0 3
e-40-185 7 18 0 3
e-42-185 8 18 0 3
e-48-185 9 18 0 3
e-50-185 10 18 0 3
e-58-185 11 18 0 3
e-78-185 12 18 0 3
e-82-185 13 18 1 3
e-83-185 14 18 1 3
e-85-185 15 18 1 3
e-89-185 16 18 1 3
e-0-95 0 19 1 0
e-2-95 1 19 1 0
e-3-95 2 19 1 0
e-4-95 3 19 1 0
e-6-95 4 19 0 1
e-7-95 5 19 0 1
e-10-95 6 19 0 1
e-40-95 7 19 0 1
e-41-95 8 19 0 1
e-49-95 9 19 0 1
e-52-95 10 19 0 1
e-73-95 11 19 0 1
e-78-95 12 19 0 1
e-82-95 13 19 1 2
e-83-95 14 19 1 2
e-85-95 15 19 1 2
e-89-95 16 19 1 2
e-0-111 0 20 1 0
e-2-111 1 20 1 0
e-3-111 2 20 1 0
e-4-111 3 20 1 0
e-6-111 4 20 0 1
e-7-111 5 20 0 1
e-10-111 6 20 0 1
e-40-111 7 20 0 1
e-41-111 8 20 0 1
e-49-111 9 20 0 1
e-52-111 10 20 0 1
e-73-111 11 20 0 1
e-77-111 12 20 0 1
e-82-111 13 20 1 2
e-83-111 14 20 1 2
e-85-111 15 20 1 2
e-89-111 16 20 1 2
e-0-67 0 21 1 0
e-2-67 1 21 1 0
e-3-67 2 21 1 0
e-4-67 3 21 1 0
e-6-67 4 21 0 1
e-7-67 5 21 0 1
e-10-67 6 21 0 1
e-39-67 7 21 0 1
e-44-67 8 21 0 1
e-48-67 9 21 0 1
e-53-67 10 21 0 1
e-68-67 11 21 0 1
e-78-67 12 21 0 1
e-82-67 13 21 1 2
e-83-67 14 21 1 2
e-85-67 15 21 1 2
e-89-67 16 21 1 2
e-0-72 0 22 1 0
e-2-72 1 22 1 0
e-3-72 2 22 1 0
e-4-72 3 22 1 0
e-6-72 4 22 0 1
e-7-72 5 22 0 1
e-10-72 6 22 0 1
e-39-72 7 22 0 1
e-44-72 8 22 0 1
e-48-72 9 22 0 1
e-53-72 10 22 0 1
e-66-72 11 22 0 1
e-78-72 12 22 0 1
e-82-72 13 22 1 2
e-83-72 14 22 1 2
e-85-72 15 22 1 2
e-89-72 16 22 1 2
e-0-65 0 23 1 0
e-2-65 1 23 1 0
e-3-65 2 23 1 0
e-4-65 3 23 1 0
e-6-65 4 23 0 1
e-7-65 5 23 0 1
e-10-65 6 23 0 1
e-39-65 7 23 0 1
e-44-65 8 23 0 1
e-48-65 9 23 0 1
e-53-65 10 23 0 1
e-65-65 11 23 0 1
e-78-65 12 23 0 1
e-82-65 13 23 1 2
e-83-65 14 23 1 2
e-85-65 15 23 1 2
e-89-65 16 23 1 2
e-0-169 0 24 1 0
e-2-169 1 24 1 0
e-3-169 2 24 1 0
e-4-169 3 24 1 0
e-6-169 4 24 0 1
e-7-169 5 24 0 1
e-10-169 6 24 0 1
e-38-169 7 24 0 1
e-45-169 8 24 0 1
e-48-169 9 24 0 1
e-53-169 10 24 0 1
e-63-169 11 24 0 1
e-78-169 12 24 0 1
e-82-169 13 24 1 2
e-83-169 14 24 1 2
e-85-169 15 24 1 2
e-89-169 16 24 1 2
e-0-11 0 25 1 0
e-2-11 1 25 1 0
e-3-11 2 25 1 0
e-4-11 3 25 1 0
e-6-11 4 25 0 1
e-7-11 5 25 0 1
e-10-11 6 25 0 1
e-38-11 7 25 0 1
e-45-11 8 25 0 1
e-48-11 9 25 0 1
e-53-11 10 25 0 1
e-61-11 11 25 0 1
e-78-11 12 25 0 1
e-82-11 13 25 1 2
e-83-11 14 25 1 2
e-84-11 15 25 1 2
e-85-11 16 25 1 2
e-89-11 17 25 1 2
e-0-144 0 25 1 3
e-2-144 1 25 1 3
e-3-144 2 25 1 3
e-4-144 3 25 1 3
e-6-144 4 25 0 3
e-7-144 5 25 0 3
e-10-144 6 25 0 3
e-38-144 7 25 0 3
e-45-144 8 25 0 3
e-48-144 9 25 0 3
e-53-144 10 25 0 3
e-61-144 11 25 0 3
e-78-144 12 25 0 3
e-82-144 13 25 1 3
e-83-144 14 25 1 3
e-85-144 15 25 1 3
e-89-144 16 25 1 3
e-0-171 0 25 1 3
e-2-171 1 25 1 3
e-3-171 2 25 1 3
e-4-171 3 25 1 3
e-6-171 4 25 0 3
e-7-171 5 25 0 3
e-10-171 6 25 0 3
e-38-171 7 25 0 3
e-45-171 8 25 0 3
e-48-171 9 25 0 3
e-53-171 10 25 0 3
e-61-171 11 25 0 3
e-78-171 12 25 0 3
e-82-171 13 25 1 3
e-83-171 14 25 1 3
e-85-171 15 25 1 3
e-89-171 16 25 1 3
e-0-99 0 26 1 0
e-2-99 1 26 1 0
e-3-99 2 26 1 0
e-4-99 3 26 1 0
e-6-99 4 26 0 1
e-7-99 5 26 0 1
e-10-99 6 26 0 1
e-38-99 7 26 0 1
e-45-99 8 26 0 1
e-48-99 9 26 0 1
e-53-99 10 26 0 1
e-57-99 11 26 0 1
e-79-99 12 26 0 1
e-82-99 13 26 1 2
e-83-99 14 26 1 2
e-85-99 15 26 1 2
e-89-99 16 26 1 2
e-0-21 0 27 1 0
e-2-21 1 27 1 0
e-3-21 2 27 1 0
e-4-21 3 27 1 0
e-6-21 4 27 0 1
e-7-21 5 27 0 1
e-10-21 6 27 0 1
e-37-21 7 27 0 1
e-44-21 8 27 0 1
e-49-21 9 27 0 1
e-52-21 10 27 0 1
e-75-21 11 27 0 1
e-78-21 12 27 0 1
e-82-21 13 27 1 2
e-83-21 14 27 1 2
e-85-21 15 27 1 2
e-89-21 16 27 1 2
e-0-182 0 28 1 0
e-2-182 1 28 1 0
e-3-182 2 28 1 0
e-4-182 3 28 1 0
e-6-182 4 28 0 1
e-7-182 5 28 0 1
e-10-182 6 28 0 1
e-37-182 7 28 0 1
e-44-182 8 28 0 1
e-49-182 9 28 0 1
e-52-182 10 28 0 1
e-74-182 11 28 0 1
e-78-182 12 28 0 1
e-82-182 13 28 1 2
e-83-182 14 28 1 2
e-85-182 15 28 1 2
e-89-182 16 28 1 2
e-0-117 0 29 1 0
e-2-117 1 29 1 0
e-3-117 2 29 1 0
e-4-117 3 29 1 0
e-6-117 4 29 0 1
e-7-117 5 29 0 1
e-10-117 6 29 0 1
e-37-117 7 29 0 1
e-44-117 8 29 0 1
e-49-117 9 29 0 1
e-52-117 10 29 0 1
e-71-117 11 29 0 1
e-78-117 12 29 0 1
e-82-117 13 29 1 2
e-83-117 14 29 1 2
e-85-117 15 29 1 2
e-89-117 16 29 1 2
e-0-196 0 29 1 3
e-2-196 1 29 1 3
e-3-196 2 29 1 3
e-4-196 3 29 1 3
e-6-196 4 29 0 3
e-7-196 5 29 0 3
e-10-196 6 29 0 3
e-37-196 7 29 0 3
e-44-196 8 29 0 3
e-49-196 9 29 0 3
e-52-196 10 29 0 3
e-71-196 11 29 0 3
e-78-196 12 29 0 3
e-82-196 13 29 1 3
e-83-196 14 29 1 3
e-85-196 15 29 1 3
e-89-196 16 29 1 3
e-0-103 0 30 1 0
e-2-103 1 30 1 0
e-3-103 2 30 1 0
e-4-103 3 30 1 0
e-6-103 4 30 0 1
e-7-103 5 30 0 1
e-10-103 6 30 0 1
e-36-103 7 30 0 1
e-44-103 8 30 0 1
e-48-103 9 30 0 1
e-53-103 10 30 0 1
e-63-103 11 30 0 1
e-78-103 12 30 0 1
e-82-103 13 30 1 2
e-83-103 14 30 1 2
e-85-103 15 30 1 2
e-89-103 16 30 1 2
e-0-12 0 31 1 0
e-2-12 1 31 1 0
e-3-12 2 31 1 0
e-4-12 3 31 1 0
e-6-12 4 31 0 1
e-7-12 5 31 0 1
e-10-12 6 31 0 1
e-36-12 7 31 0 1
e-44-12 8 31 0 1
e-48-12 9 31 0 1
e-53-12 10 31 0 1
e-59-12 11 31 0 1
e-78-12 12 31 0 1
e-82-12 13 31 1 2
e-83-12 14 31 1 2
e-85-12 15 31 1 2
e-89-12 16 31 1 2
e-0-76 0 32 1 0
e-2-76 1 32 1 0
e-3-76 2 32 1 0
e-4-76 3 32 1 0
e-6-76 4 32 0 1
e-7-76 5 32 0 1
e-10-76 6 32 0 1
e-36-76 7 32 0 1
e-44-76 8 32 0 1
e-48-76 9 32 0 1
e-52-76 10 32 0 1
e-76-76 11 32 0 1
e-78-76 12 32 0 1
e-82-76 13 32 1 2
e-83-76 14 32 1 2
e-85-76 15 32 1 2
e-89-76 16 32 1 2
e-0-83 0 33 1 0
e-2-83 1 33 1 0
e-3-83 2 33 1 0
e-4-83 3 33 1 0
e-6-83 4 33 0 1
e-7-83 5 33 0 1
e-10-83 6 33 0 1
e-35-83 7 33 0 1
e-42-83 8 33 0 1
e-48-83 9 33 0 1
e-53-83 10 33 0 1
e-67-83 11 33 0 1
e-78-83 12 33 0 1
e-82-83 13 33 1 2
e-83-83 14 33 1 2
e-85-83 15 33 1 2
e-89-83 16 33 1 2
e-0-102 0 33 1 3
e-2-102 1 33 1 3
e-3-102 2 33 1 3
e-4-102 3 33 1 3
e-6-102 4 33 0 3
e-7-102 5 33 0 3
e-10-102 6 33 0 3
e-35-102 7 33 0 3
e-42-102 8 33 0 3
e-48-102 9 33 0 3
e-53-102 10 33 0 3
e-67-102 11 33 0 3
e-78-102 12 33 0 3
e-82-102 13 33 1 3
e-83-102 14 33 1 3
e-85-102 15 33 1 3
e-89-102 16 33 1 3
e-0-131 0 33 1 3
e-2-131 1 33 1 3
e-3-131 2 33 1 3
e-4-131 3 33 1 3
e-6-131 4 33 0 3
e-7-131 5 33 0 3
e-10-131 6 33 0 3
e-35-131 7 33 0 3
e-42-131 8 33 0 3
e-48-131 9 33 0 3
e-53-131 10 33 0 3
e-67-131 11 33 0 3
e-78-131 12 33 0 3
e-82-131 13 33 1 3
e-83-131 14 33 1 3
e-85-131 15 33 1 3
e-89-131 16 33 1 3
e-0-75 0 34 1 0
e-2-75 1 34 1 0
e-3-75 2 34 1 0
e-4-75 3 34 1 0
e-6-75 4 34 0 1
e-7-75 5 34 0 1
e-10-75 6 34 0 1
e-35-75 7 34 0 1
e-42-75 8 34 0 1
e-48-75 9 34 0 1
e-53-75 10 34 0 1
e-66-75 11 34 0 1
e-78-75 12 34 0 1
e-82-75 13 34 1 2
e-83-75 14 34 1 2
e-85-75 15 34 1 2
e-89-75 16 34 1 2
e-0-129 0 34 1 3
e-2-129 1 34 1 3
e-3-129 2 34 1 3
e-4-129 3 34 1 3
e-6-129 4 34 0 3
e-7-129 5 34 0 3
e-10-129 6 34 0 3
e-35-129 7 34 0 3
e-42-129 8 34 0 3
e-48-129 9 34 0 3
e-53-129 10 34 0 3
e-66-129 11 34 0 3
e-78-129 12 34 0 3
e-82-129 13 34 1 3
e-83-129 14 34 1 3
e-85-129 15 34 1 3
e-89-129 16 34 1 3
e-0-164 0 35 1 0
e-2-164 1 35 1 0
e-3-164 2 35 1 0
e-4-164 3 35 1 0
e-6-164 4 35 0 1
e-7-164 5 35 0 1
e-10-164 6 35 0 1
e-34-164 7 35 0 1
e-44-164 8 35 0 1
e-48-164 9 35 0 1
e-52-164 10 35 0 1
e-73-164 11 35 0 1
e-78-164 12 35 0 1
e-82-164 13 35 1 2
e-83-164 14 35 1 2
e-85-164 15 35 1 2
e-89-164 16 35 1 2
e-0-34 0 36 1 0
e-2-34 1 36 1 0
e-3-34 2 36 1 0
e-4-34 3 36 1 0
e-6-34 4 36 0 1
e-7-34 5 36 0 1
e-10-34 6 36 0 1
e-34-34 7 36 0 1
e-44-34 8 36 0 1
e-48-34 9 36 0 1
e-52-34 10 36 0 1
e-72-34 11 36 0 1
e-78-34 12 36 0 1
e-82-34 13 36 1 2
e-83-34 14 36 1 2
e-85-34 15 36 1 2
e-89-34 16 36 1 2
e-0-40 0 36 1 3
e-2-40 1 36 1 3
e-3-40 2 36 1 3
e-4-40 3 36 1 3
e-6-40 4 36 0 3
e-7-40 5 36 0 3
e-10-40 6 36 0 3
e-34-40 7 36 0 3
e-44-40 8 36 0 3
e-48-40 9 36 0 3
e-52-40 10 36 0 3
e-72-40 11 36 0 3
e-78-40 12 36 0 3
e-82-40 13 36 1 3
e-83-40 14 36 1 3
e-85-40 15 36 1 3
e-89-40 16 36 1 3
e-0-55 0 36 1 3
e-2-55 1 36 1 3
e-3-55 2 36 1 3
e-4-55 3 36 1 3
e-6-55 4 36 0 3
e-7-55 5 36 0 3
e-10-55 6 36 0 3
e-34-55 7 36 0 3
e-44-55 8 36 0 3
e-48-55 9 36 0 3
e-52-55 10 36 0 3
e-72-55 11 36 0 3
e-78-55 12 36 0 3
e-82-55 13 36 1 3
e-83-55 14 36 1 3
e-85-55 15 36 1 3
e-89-55 16 36 1 3
e-0-104 0 36 1 3
e-2-104 1 36 1 3
e-3-104 2 36 1 3
e-4-104 3 36 1 3
e-6-104 4 36 0 3
e-7-104 5 36 0 3
e-10-104 6 36 0 3
e-34-104 7 36 0 3
e-44-104 8 36 0 3
e-48-104 9 36 0 3
e-52-104 10 36 0 3
e-72-104 11 36 0 3
e-78-104 12 36 0 3
e-82-104 13 36 1 3
e-83-104 14 36 1 3
e-85-104 15 36 1 3
e-89-104 16 36 1 3
e-0-16 0 37 1 0
e-2-16 1 37 1 0
e-3-16 2 37 1 0
e-4-16 3 37 1 0
e-6-16 4 37 0 1
e-7-16 5 37 0 1
e-10-16 6 37 0 1
e-33-16 7 37 0 1
e-42-16 8 37 0 1
e-49-16 9 37 0 1
e-52-16 10 37 0 1
e-71-16 11 37 0 1
e-78-16 12 37 0 1
e-82-16 13 37 1 2
e-83-16 14 37 1 2
e-85-16 15 37 1 2
e-89-16 16 37 1 2
e-0-183 0 37 1 3
e-2-183 1 37 1 3
e-3-183 2 37 1 3
e-4-183 3 37 1 3
e-6-183 4 37 0 3
e-7-183 5 37 0 3
e-10-183 6 37 0 3
e-33-183 7 37 0 3
e-42-183 8 37 0 3
e-49-183 9 37 0 3
e-52-183 10 37 0 3
e-71-183 11 37 0 3
e-78-183 12 37 0 3
e-82-183 13 37 1 3
e-83-183 14 37 1 3
e-85-183 15 37 1 3
e-89-183 16 37 1 3
e-0-167 0 38 1 0
e-2-167 1 38 1 0
e-3-167 2 38 1 0
e-4-167 3 38 1 0
e-6-167 4 38 0 1
e-7-167 5 38 0 1
e-10-167 6 38 0 1
e-33-167 7 38 0 1
e-42-167 8 38 0 1
e-49-167 9 38 0 1
e-52-167 10 38 0 1
e-66-167 11 38 0 1
e-78-167 12 38 0 1
e-82-167 13 38 1 2
e-83-167 14 38 1 2
e-85-167 15 38 1 2
e-89-167 16 38 1 2
e-0-126 0 39 1 0
e-2-126 1 39 1 0
e-3-126 2 39 1 0
e-4-126 3 39 1 0
e-6-126 4 39 0 1
e-7-126 5 39 0 1
e-10-126 6 39 0 1
e-33-126 7 39 0 1
e-42-126 8 39 0 1
e-49-126 9 39 0 1
e-52-126 10 39 0 1
e-65-126 11 39 0 1
e-78-126 12 39 0 1
e-82-126 13 39 1 2
e-83-126 14 39 1 2
e-85-126 15 39 1 2
e-89-126 16 39 1 2
e-0-132 0 40 1 0
e-2-132 1 40 1 0
e-3-132 2 40 1 0
e-4-132 3 40 1 0
e-6-132 4 40 0 1
e-7-132 5 40 0 1
e-10-132 6 40 0 1
e-33-132 7 40 0 1
e-42-132 8 40 0 1
e-49-132 9 40 0 1
e-52-132 10 40 0 1
e-62-132 11 40 0 1
e-78-132 12 40 0 1
e-82-132 13 40 1 2
e-83-132 14 40 1 2
e-85-132 15 40 1 2
e-89-132 16 40 1 2
e-0-2 0 41 1 0
e-2-2 1 41 1 0
e-3-2 2 41 1 0
e-4-2 3 41 1 0
e-6-2 4 41 0 1
e-7-2 5 41 0 1
e-10-2 6 41 0 1
e-32-2 7 41 0 1
e-44-2 8 41 0 1
e-48-2 9 41 0 1
e-52-2 10 41 0 1
e-58-2 11 41 0 1
e-78-2 12 41 0 1
e-82-2 13 41 1 2
e-83-2 14 41 1 2
e-84-2 15 41 1 2
e-85-2 16 41 1 2
e-89-2 17 41 1 2
e-0-41 0 41 1 3
e-2-41 1 41 1 3
e-3-41 2 41 1 3
e-4-41 3 41 1 3
e-6-41 4 41 0 3
e-7-41 5 41 0 3
e-10-41 6 41 0 3
e-32-41 7 41 0 3
e-44-41 8 41 0 3
e-48-41 9 41 0 3
e-52-41 10 41 0 3
e-58-41 11 41 0 3
e-78-41 12 41 0 3
e-82-41 13 41 1 3
e-83-41 14 41 1 3
e-85-41 15 41 1 3
e-89-41 16 41 1 3
e-0-27 0 42 1 0
e-2-27 1 42 1 0
e-3-27 2 42 1 0
e-4-27 3 42 1 0
e-6-27 4 42 0 1
e-7-27 5 42 0 1
e-10-27 6 42 0 1
e-32-27 7 42 0 1
e-44-27 8 42 0 1
e-48-27 9 42 0 1
e-52-27 10 42 0 1
e-57-27 11 42 0 1
e-78-27 12 42 0 1
e-82-27 13 42 1 2
e-83-27 14 42 1 2
e-85-27 15 42 1 2
e-89-27 16 42 1 2
e-0-187 0 43 1 0
e-2-187 1 43 1 0
e-3-187 2 43 1 0
e-4-187 3 43 1 0
e-6-187 4 43 0 1
e-7-187 5 43 0 1
e-10-187 6 43 0 1
e-32-187 7 43 0 1
e-44-187 8 43 0 1
e-48-187 9 43 0 1
e-52-187 10 43 0 1
e-55-187 11 43 0 1
e-79-187 12 43 0 1
e-82-187 13 43 1 2
e-83-187 14 43 1 2
e-85-187 15 43 1 2
e-89-187 16 43 1 2
e-0-1 0 44 1 0
e-2-1 1 44 1 0
e-3-1 2 44 1 0
e-4-1 3 44 1 0
e-6-1 4 44 0 1
e-7-1 5 44 0 1
e-10-1 6 44 0 1
e-31-1 7 44 0 1
e-45-1 8 44 0 1
e-48-1 9 44 0 1
e-52-1 10 44 0 1
e-65-1 11 44 0 1
e-78-1 12 44 0 1
e-82-1 13 44 1 2
e-83-1 14 44 1 2
e-85-1 15 44 1 2
e-89-1 16 44 1 2
e-0-31 0 44 1 3
e-2-31 1 44 1 3
e-3-31 2 44 1 3
e-4-31 3 44 1 3
e-6-31 4 44 0 3
e-7-31 5 44 0 3
e-10-31 6 44 0 3
e-31-31 7 44 0 3
e-45-31 8 44 0 3
e-48-31 9 44 0 3
e-52-31 10 44 0 3
e-65-31 11 44 0 3
e-78-31 12 44 0 3
e-82-31 13 44 1 3
e-83-31 14 44 1 3
e-85-31 15 44 1 3
e-89-31 16 44 1 3
e-0-127 0 44 1 3
e-2-127 1 44 1 3
e-3-127 2 44 1 3
e-4-127 3 44 1 3
e-6-127 4 44 0 3
e-7-127 5 44 0 3
e-10-127 6 44 0 3
e-31-127 7 44 0 3
e-45-127 8 44 0 3
e-48-127 9 44 0 3
e-52-127 10 44 0 3
e-65-127 11 44 0 3
e-78-127 12 44 0 3
e-82-127 13 44 1 3
e-83-127 14 44 1 3
e-85-127 15 44 1 3
e-89-127 16 44 1 3
e-0-180 0 44 1 3
e-2-180 1 44 1 3
e-3-180 2 44 1 3
e-4-180 3 44 1 3
e-6-180 4 44 0 3
e-7-180 5 44 0 3
e-10-180 6 44 0 3
e-31-180 7 44 0 3
e-45-180 8 44 0 3
e-48-180 9 44 0 3
e-52-180 10 44 0 3
e-65-180 11 44 0 3
e-78-180 12 44 0 3
e-82-180 13 44 1 3
e-83-180 14 44 1 3
e-85-180 15 44 1 3
e-89-180 16 44 1 3
e-0-38 0 45 1 0
e-2-38 1 45 1 0
e-3-38 2 45 1 0
e-4-38 3 45 1 0
e-6-38 4 45 0 1
e-7-38 5 45 0 1
e-10-38 6 45 0 1
e-31-38 7 45 0 1
e-44-38 8 45 0 1
e-48-38 9 45 0 1
e-50-38 10 45 0 1
e-69-38 11 45 0 1
e-78-38 12 45 0 1
e-82-38 13 45 1 2
e-83-38 14 45 1 2
e-85-38 15 45 1 2
e-89-38 16 45 1 2
e-0-45 0 45 1 3
e-2-45 1 45 1 3
e-3-45 2 45 1 3
e-4-45 3 45 1 3
e-6-45 4 45 0 3
e-7-45 5 45 0 3
e-10-45 6 45 0 3
e-31-45 7 45 0 3
e-44-45 8 45 0 3
e-48-45 9 45 0 3
e-50-45 10 45 0 3
e-69-45 11 45 0 3
e-78-45 12 45 0 3
e-82-45 13 45 1 3
e-83-45 14 45 1 3
e-85-45 15 45 1 3
e-89-45 16 45 1 3
e-0-110 0 45 1 3
e-2-110 1 45 1 3
e-3-110 2 45 1 3
e-4-110 3 45 1 3
e-6-110 4 45 0 3
e-7-110 5 45 0 3
e-10-110 6 45 0 3
e-31-110 7 45 0 3
e-44-110 8 45 0 3
e-48-110 9 45 0 3
e-50-110 10 45 0 3
e-69-110 11 45 0 3
e-78-110 12 45 0 3
e-82-110 13 45 1 3
e-83-110 14 45 1 3
e-85-110 15 45 1 3
e-89-110 16 45 1 3
e-0-145 0 45 1 3
e-2-145 1 45 1 3
e-3-145 2 45 1 3
e-4-145 3 45 1 3
e-6-145 4 45 0 3
e-7-145 5 45 0 3
e-10-145 6 45 0 3
e-31-145 7 45 0 3
e-44-145 8 45 0 3
e-48-145 9 45 0 3
e-50-145 10 45 0 3
e-69-145 11 45 0 3
e-78-145 12 45 0 3
e-82-145 13 45 1 3
e-83-145 14 45 1 3
e-85-145 15 45 1 3
e-89-145 16 45 1 3
e-0-165 0 45 1 3
e-2-165 1 45 1 3
e-3-165 2 45 1 3
e-4-165 3 45 1 3
e-6-165 4 45 0 3
e-7-165 5 45 0 3
e-10-165 6 45 0 3
e-31-165 7 45 0 3
e-44-165 8 45 0 3
e-48-165 9 45 0 3
e-50-165 10 45 0 3
e-69-165 11 45 0 3
e-78-165 12 45 0 3
e-82-165 13 45 1 3
e-83-165 14 45 1 3
e-85-165 15 45 1 3
e-89-165 16 45 1 3
e-0-9 0 46 1 0
e-2-9 1 46 1 0
e-3-9 2 46 1 0
e-4-9 3 46 1 0
e-6-9 4 46 0 1
e-7-9 5 46 0 1
e-10-9 6 46 0 1
e-30-9 7 46 0 1
e-44-9 8 46 0 1
e-48-9 9 46 0 1
e-50-9 10 46 0 1
e-63-9 11 46 0 1
e-78-9 12 46 0 1
e-82-9 13 46 1 2
e-83-9 14 46 1 2
e-84-9 15 46 1 2
e-85-9 16 46 1 2
e-89-9 17 46 1 2
e-0-198 0 47 1 0
e-2-198 1 47 1 0
e-3-198 2 47 1 0
e-4-198 3 47 1 0
e-6-198 4 47 0 1
e-7-198 5 47 0 1
e-10-198 6 47 0 1
e-30-198 7 47 0 1
e-44-198 8 47 0 1
e-48-198 9 47 0 1
e-50-198 10 47 0 1
e-54-198 11 47 0 1
e-79-198 12 47 0 1
e-82-198 13 47 1 2
e-83-198 14 47 1 2
e-85-198 15 47 1 2
e-89-198 16 47 1 2
e-0-108 0 48 1 0
e-2-108 1 48 1 0
e-3-108 2 48 1 0
e-4-108 3 48 1 0
e-6-108 4 48 0 1
e-7-108 5 48 0 1
e-10-108 6 48 0 1
e-30-108 7 48 0 1
e-44-108 8 48 0 1
e-47-108 9 48 0 1
e-52-108 10 48 0 1
e-74-108 11 48 0 1
e-78-108 12 48 0 1
e-82-108 13 48 1 2
e-83-108 14 48 1 2
e-85-108 15 48 1 2
e-89-108 16 48 1 2
e-0-181 0 49 1 0
e-2-181 1 49 1 0
e-3-181 2 49 1 0
e-4-181 3 49 1 0
e-6-181 4 49 0 1
e-7-181 5 49 0 1
e-10-181 6 49 0 1
e-29-181 7 49 0 1
e-44-181 8 49 0 1
e-48-181 9 49 0 1
e-53-181 10 49 0 1
e-71-181 11 49 0 1
e-78-181 12 49 0 1
e-82-181 13 49 1 2
e-83-181 14 49 1 2
e-85-181 15 49 1 2
e-89-181 16 49 1 2
e-0-59 0 50 1 0
e-2-59 1 50 1 0
e-3-59 2 50 1 0
e-4-59 3 50 1 0
e-6-59 4 50 0 1
e-7-59 5 50 0 1
e-10-59 6 50 0 1
e-29-59 7 50 0 1
e-44-59 8 50 0 1
e-48-59 9 50 0 1
e-53-59 10 50 0 1
e-70-59 11 50 0 1
e-78-59 12 50 0 1
e-82-59 13 50 1 2
e-83-59 14 50 1 2
e-85-59 15 50 1 2
e-89-59 16 50 1 2
e-0-7 0 51 1 0
e-2-7 1 51 1 0
e-3-7 2 51 1 0
e-4-7 3 51 1 0
e-6-7 4 51 0 1
e-7-7 5 51 0 1
e-10-7 6 51 0 1
e-29-7 7 51 0 1
e-44-7 8 51 0 1
e-48-7 9 51 0 1
e-53-7 10 51 0 1
e-69-7 11 51 0 1
e-78-7 12 51 0 1
e-82-7 13 51 1 2
e-83-7 14 51 1 2
e-85-7 15 51 1 2
e-89-7 16 51 1 2
e-0-43 0 52 1 0
e-2-43 1 52 1 0
e-3-43 2 52 1 0
e-4-43 3 52 1 0
e-6-43 4 52 0 1
e-7-43 5 52 0 1
e-10-43 6 52 0 1
e-29-43 7 52 0 1
e-44-43 8 52 0 1
e-48-43 9 52 0 1
e-53-43 10 52 0 1
e-68-43 11 52 0 1
e-78-43 12 52 0 1
e-82-43 13 52 1 2
e-83-43 14 52 1 2
e-85-43 15 52 1 2
e-89-43 16 52 1 2
e-0-51 0 53 1 0
e-2-51 1 53 1 0
e-3-51 2 53 1 0
e-4-51 3 53 1 0
e-6-51 4 53 0 1
e-7-51 5 53 0 1
e-10-51 6 53 0 1
e-28-51 7 53 0 1
e-42-51 8 53 0 1
e-48-51 9 53 0 1
e-52-51 10 53 0 1
e-64-51 11 53 0 1
e-78-51 12 53 0 1
e-82-51 13 53 1 2
e-83-51 14 53 1 2
e-85-51 15 53 1 2
e-89-51 16 53 1 2
e-0-153 0 53 1 3
e-2-153 1 53 1 3
e-3-153 2 53 1 3
e-4-153 3 53 1 3
e-6-153 4 53 0 3
e-7-153 5 53 0 3
e-10-153 6 53 0 3
e-28-153 7 53 0 3
e-42-153 8 53 0 3
e-48-153 9 53 0 3
e-52-153 10 53 0 3
e-64-153 11 53 0 3
e-78-153 12 53 0 3
e-82-153 13 53 1 3
e-83-153 14 53 1 3
e-85-153 15 53 1 3
e-89-153 16 53 1 3
e-0-86 0 54 1 0
e-2-86 1 54 1 0
e-3-86 2 54 1 0
e-4-86 3 54 1 0
e-6-86 4 54 0 1
e-7-86 5 54 0 1
e-10-86 6 54 0 1
e-28-86 7 54 0 1
e-42-86 8 54 0 1
e-48-86 9 54 0 1
e-52-86 10 54 0 1
e-63-86 11 54 0 1
e-78-86 12 54 0 1
e-82-86 13 54 1 2
e-83-86 14 54 1 2
e-85-86 15 54 1 2
e-89-86 16 54 1 2
e-0-68 0 55 1 0
e-2-68 1 55 1 0
e-3-68 2 55 1 0
e-4-68 3 55 1 0
e-6-68 4 55 0 1
e-7-68 5 55 0 1
e-10-68 6 55 0 1
e-27-68 7 55 0 1
e-44-68 8 55 0 1
e-48-68 9 55 0 1
e-50-68 10 55 0 1
e-74-68 11 55 0 1
e-78-68 12 55 0 1
e-82-68 13 55 1 2
e-83-68 14 55 1 2
e-85-68 15 55 1 2
e-89-68 16 55 1 2
e-0-149 0 55 1 3
e-2-149 1 55 1 3
e-3-149 2 55 1 3
e-4-149 3 55 1 3
e-6-149 4 55 0 3
e-7-149 5 55 0 3
e-10-149 6 55 0 3
e-27-149 7 55 0 3
e-44-149 8 55 0 3
e-48-149 9 55 0 3
e-50-149 10 55 0 3
e-74-149 11 55 0 3
e-78-149 12 55 0 3
e-82-149 13 55 1 3
e-83-149 14 55 1 3
e-85-149 15 55 1 3
e-89-149 16 55 1 3
e-0-35 0 56 1 0
e-2-35 1 56 1 0
e-3-35 2 56 1 0
e-4-35 3 56 1 0
e-6-35 4 56 0 1
e-7-35 5 56 0 1
e-10-35 6 56 0 1
e-26-35 7 56 0 1
e-44-35 8 56 0 1
e-48-35 9 56 0 1
e-50-35 10 56 0 1
e-64-35 11 56 0 1
e-78-35 12 56 0 1
e-82-35 13 56 1 2
e-83-35 14 56 1 2
e-85-35 15 56 1 2
e-89-35 16 56 1 2
e-0-44 0 56 1 3
e-2-44 1 56 1 3
e-3-44 2 56 1 3
e-4-44 3 56 1 3
e-6-44 4 56 0 3
e-7-44 5 56 0 3
e-10-44 6 56 0 3
e-26-44 7 56 0 3
e-44-44 8 56 0 3
e-48-44 9 56 0 3
e-50-44 10 56 0 3
e-64-44 11 56 0 3
e-78-44 12 56 0 3
e-82-44 13 56 1 3
e-83-44 14 56 1 3
e-85-44 15 56 1 3
e-89-44 16 56 1 3
e-0-155 0 56 1 3
e-2-155 1 56 1 3
e-3-155 2 56 1 3
e-4-155 3 56 1 3
e-6-155 4 56 0 3
e-7-155 5 56 0 3
e-10-155 6 56 0 3
e-26-155 7 56 0 3
e-44-155 8 56 0 3
e-48-155 9 56 0 3
e-50-155 10 56 0 3
e-64-155 11 56 0 3
e-78-155 12 56 0 3
e-82-155 13 56 1 3
e-83-155 14 56 1 3
e-85-155 15 56 1 3
e-89-155 16 56 1 3
e-0-50 0 57 1 0
e-2-50 1 57 1 0
e-3-50 2 57 1 0
e-4-50 3 57 1 0
e-6-50 4 57 0 1
e-7-50 5 57 0 1
e-10-50 6 57 0 1
e-26-50 7 57 0 1
e-44-50 8 57 0 1
e-48-50 9 57 0 1
e-50-50 10 57 0 1
e-63-50 11 57 0 1
e-78-50 12 57 0 1
e-82-50 13 57 1 2
e-83-50 14 57 1 2
e-85-50 15 57 1 2
e-89-50 16 57 1 2
e-0-184 0 58 1 0
e-2-184 1 58 1 0
e-3-184 2 58 1 0
e-4-184 3 58 1 0
e-6-184 4 58 0 1
e-7-184 5 58 0 1
e-10-184 6 58 0 1
e-25-184 7 58 0 1
e-45-184 8 58 0 1
e-48-184 9 58 0 1
e-52-184 10 58 0 1
e-54-184 11 58 0 1
e-79-184 12 58 0 1
e-82-184 13 58 1 2
e-83-184 14 58 1 2
e-84-184 15 58 1 2
e-85-184 16 58 1 2
e-89-184 17 58 1 2
e-0-70 0 59 1 0
e-2-70 1 59 1 0
e-3-70 2 59 1 0
e-4-70 3 59 1 0
e-6-70 4 59 0 1
e-7-70 5 59 0 1
e-10-70 6 59 0 1
e-24-70 7 59 0 1
e-42-70 8 59 0 1
e-48-70 9 59 0 1
e-52-70 10 59 0 1
e-70-70 11 59 0 1
e-78-70 12 59 0 1
e-82-70 13 59 1 2
e-83-70 14 59 1 2
e-85-70 15 59 1 2
e-89-70 16 59 1 2
e-0-74 0 59 1 3
e-2-74 1 59 1 3
e-3-74 2 59 1 3
e-4-74 3 59 1 3
e-6-74 4 59 0 3
e-7-74 5 59 0 3
e-10-74 6 59 0 3
e-24-74 7 59 0 3
e-42-74 8 59 0 3
e-48-74 9 59 0 3
e-52-74 10 59 0 3
e-70-74 11 59 0 3
e-78-74 12 59 0 3
e-82-74 13 59 1 3
e-83-74 14 59 1 3
e-84-74 15 59 1 3
e-85-74 16 59 1 3
e-89-74 17 59 1 3
e-0-118 0 59 1 3
e-2-118 1 59 1 3
e-3-118 2 59 1 3
e-4-118 3 59 1 3
e-6-118 4 59 0 3
e-7-118 5 59 0 3
e-10-118 6 59 0 3
e-24-118 7 59 0 3
e-42-118 8 59 0 3
e-48-118 9 59 0 3
e-52-118 10 59 0 3
e-70-118 11 59 0 3
e-78-118 12 59 0 3
e-82-118 13 59 1 3
e-83-118 14 59 1 3
e-85-118 15 59 1 3
e-89-118 16 59 1 3
e-0-148 0 59 1 3
e-2-148 1 59 1 3
e-3-148 2 59 1 3
e-4-148 3 59 1 3
e-6-148 4 59 0 3
e-7-148 5 59 0 3
e-10-148 6 59 0 3
e-24-148 7 59 0 3
e-42-148 8 59 0 3
e-48-148 9 59 0 3
e-52-148 10 59 0 3
e-70-148 11 59 0 3
e-78-148 12 59 0 3
e-82-148 13 59 1 3
e-83-148 14 59 1 3
e-85-148 15 59 1 3
e-89-148 16 59 1 3
e-0-58 0 60 1 0
e-2-58 1 60 1 0
e-3-58 2 60 1 0
e-4-58 3 60 1 0
e-6-58 4 60 0 1
e-7-58 5 60 0 1
e-10-58 6 60 0 1
e-23-58 7 60 0 1
e-44-58 8 60 0 1
e-48-58 9 60 0 1
e-50-58 10 60 0 1
e-54-58 11 60 0 1
e-79-58 12 60 0 1
e-82-58 13 60 1 2
e-83-58 14 60 1 2
e-85-58 15 60 1 2
e-89-58 16 60 1 2
e-0-80 0 60 1 3
e-2-80 1 60 1 3
e-3-80 2 60 1 3
e-4-80 3 60 1 3
e-6-80 4 60 0 3
e-7-80 5 60 0 3
e-10-80 6 60 0 3
e-23-80 7 60 0 3
e-44-80 8 60 0 3
e-48-80 9 60 0 3
e-50-80 10 60 0 3
e-54-80 11 60 0 3
e-79-80 12 60 0 3
e-82-80 13 60 1 3
e-83-80 14 60 1 3
e-85-80 15 60 1 3
e-89-80 16 60 1 3
e-0-189 0 60 1 3
e-2-189 1 60 1 3
e-3-189 2 60 1 3
e-4-189 3 60 1 3
e-6-189 4 60 0 3
e-7-189 5 60 0 3
e-10-189 6 60 0 3
e-23-189 7 60 0 3
e-44-189 8 60 0 3
e-48-189 9 60 0 3
e-50-189 10 60 0 3
e-54-189 11 60 0 3
e-79-189 12 60 0 3
e-82-189 13 60 1 3
e-83-189 14 60 1 3
e-85-189 15 60 1 3
e-89-189 16 60 1 3
e-0-0 0 61 1 0
e-2-0 1 61 1 0
e-3-0 2 61 1 0
e-4-0 3 61 1 0
e-6-0 4 61 0 1
e-7-0 5 61 0 1
e-10-0 6 61 0 1
e-22-0 7 61 0 1
e-45-0 8 61 0 1
e-48-0 9 61 0 1
e-50-0 10 61 0 1
e-69-0 11 61 0 1
e-78-0 12 61 0 1
e-82-0 13 61 1 2
e-83-0 14 61 1 2
e-85-0 15 61 1 2
e-89-0 16 61 1 2
e-0-133 0 61 1 3
e-2-133 1 61 1 3
e-3-133 2 61 1 3
e-4-133 3 61 1 3
e-6-133 4 61 0 3
e-7-133 5 61 0 3
e-10-133 6 61 0 3
e-22-133 7 61 0 3
e-45-133 8 61 0 3
e-48-133 9 61 0 3
e-50-133 10 61 0 3
e-69-133 11 61 0 3
e-78-133 12 61 0 3
e-82-133 13 61 1 3
e-83-133 14 61 1 3
e-85-133 15 61 1 3
e-89-133 16 61 1 3
e-0-66 0 62 1 0
e-2-66 1 62 1 0
e-3-66 2 62 1 0
e-4-66 3 62 1 0
e-6-66 4 62 0 1
e-7-66 5 62 0 1
e-10-66 6 62 0 1
e-22-66 7 62 0 1
e-45-66 8 62 0 1
e-48-66 9 62 0 1
e-50-66 10 62 0 1
e-65-66 11 62 0 1
e-78-66 12 62 0 1
e-82-66 13 62 1 2
e-83-66 14 62 1 2
e-85-66 15 62 1 2
e-89-66 16 62 1 2
e-0-188 0 62 1 3
e-2-188 1 62 1 3
e-3-188 2 62 1 3
e-4-188 3 62 1 3
e-6-188 4 62 0 3
e-7-188 5 62 0 3
e-10-188 6 62 0 3
e-22-188 7 62 0 3
e-45-188 8 62 0 3
e-48-188 9 62 0 3
e-50-188 10 62 0 3
e-65-188 11 62 0 3
e-78-188 12 62 0 3
e-82-188 13 62 1 3
e-83-188 14 62 1 3
e-85-188 15 62 1 3
e-89-188 16 62 1 3
e-0-46 0 63 1 0
e-2-46 1 63 1 0
e-3-46 2 63 1 0
e-4-46 3 63 1 0
e-6-46 4 63 0 1
e-7-46 5 63 0 1
e-10-46 6 63 0 1
e-21-46 7 63 0 1
e-42-46 8 63 0 1
e-48-46 9 63 0 1
e-50-46 10 63 0 1
e-69-46 11 63 0 1
e-78-46 12 63 0 1
e-82-46 13 63 1 2
e-83-46 14 63 1 2
e-85-46 15 63 1 2
e-89-46 16 63 1 2
e-0-98 0 63 1 3
e-2-98 1 63 1 3
e-3-98 2 63 1 3
e-4-98 3 63 1 3
e-6-98 4 63 0 3
e-7-98 5 63 0 3
e-10-98 6 63 0 3
e-21-98 7 63 0 3
e-42-98 8 63 0 3
e-48-98 9 63 0 3
e-50-98 10 63 0 3
e-69-98 11 63 0 3
e-78-98 12 63 0 3
e-82-98 13 63 1 3
e-83-98 14 63 1 3
e-85-98 15 63 1 3
e-89-98 16 63 1 3
e-0-141 0 64 1 0
e-2-141 1 64 1 0
e-3-141 2 64 1 0
e-4-141 3 64 1 0
e-6-141 4 64 0 1
e-7-141 5 64 0 1
e-10-141 6 64 0 1
e-20-141 7 64 0 1
e-44-141 8 64 0 1
e-48-141 9 64 0 1
e-53-141 10 64 0 1
e-57-141 11 64 0 1
e-78-141 12 64 0 1
e-82-141 13 64 1 2
e-83-141 14 64 1 2
e-85-141 15 64 1 2
e-89-141 16 64 1 2
e-0-69 0 65 1 0
e-2-69 1 65 1 0
e-3-69 2 65 1 0
e-4-69 3 65 1 0
e-6-69 4 65 0 1
e-7-69 5 65 0 1
e-10-69 6 65 0 1
e-20-69 7 65 0 1
e-44-69 8 65 0 1
e-48-69 9 65 0 1
e-52-69 10 65 0 1
e-76-69 11 65 0 1
e-78-69 12 65 0 1
e-82-69 13 65 1 2
e-83-69 14 65 1 2
e-85-69 15 65 1 2
e-89-69 16 65 1 2
e-0-115 0 65 1 3
e-2-115 1 65 1 3
e-3-115 2 65 1 3
e-4-115 3 65 1 3
e-6-115 4 65 0 3
e-7-115 5 65 0 3
e-10-115 6 65 0 3
e-20-115 7 65 0 3
e-44-115 8 65 0 3
e-48-115 9 65 0 3
e-52-115 10 65 0 3
e-76-115 11 65 0 3
e-78-115 12 65 0 3
e-82-115 13 65 1 3
e-83-115 14 65 1 3
e-84-115 15 65 1 3
e-85-115 16 65 1 3
e-89-115 17 65 1 3
e-0-194 0 65 1 3
e-2-194 1 65 1 3
e-3-194 2 65 1 3
e-4-194 3 65 1 3
e-6-194 4 65 0 3
e-7-194 5 65 0 3
e-10-194 6 65 0 3
e-20-194 7 65 0 3
e-44-194 8 65 0 3
e-48-194 9 65 0 3
e-52-194 10 65 0 3
e-76-194 11 65 0 3
e-78-194 12 65 0 3
e-82-194 13 65 1 3
e-83-194 14 65 1 3
e-85-194 15 65 1 3
e-89-194 16 65 1 3
e-0-79 0 66 1 0
e-2-79 1 66 1 0
e-3-79 2 66 1 0
e-4-79 3 66 1 0
e-6-79 4 66 0 1
e-7-79 5 66 0 1
e-10-79 6 66 0 1
e-19-79 7 66 0 1
e-45-79 8 66 0 1
e-49-79 9 66 0 1
e-52-79 10 66 0 1
e-69-79 11 66 0 1
e-78-79 12 66 0 1
e-82-79 13 66 1 2
e-83-79 14 66 1 2
e-85-79 15 66 1 2
e-89-79 16 66 1 2
e-0-29 0 67 1 0
e-2-29 1 67 1 0
e-3-29 2 67 1 0
e-4-29 3 67 1 0
e-6-29 4 67 0 1
e-7-29 5 67 0 1
e-10-29 6 67 0 1
e-19-29 7 67 0 1
e-42-29 8 67 0 1
e-48-29 9 67 0 1
e-52-29 10 67 0 1
e-73-29 11 67 0 1
e-77-29 12 67 0 1
e-82-29 13 67 1 2
e-83-29 14 67 1 2
e-85-29 15 67 1 2
e-89-29 16 67 1 2
e-0-47 0 67 1 3
e-2-47 1 67 1 3
e-3-47 2 67 1 3
e-4-47 3 67 1 3
e-6-47 4 67 0 3
e-7-47 5 67 0 3
e-10-47 6 67 0 3
e-19-47 7 67 0 3
e-42-47 8 67 0 3
e-48-47 9 67 0 3
e-52-47 10 67 0 3
e-73-47 11 67 0 3
e-77-47 12 67 0 3
e-82-47 13 67 1 3
e-83-47 14 67 1 3
e-85-47 15 67 1 3
e-89-47 16 67 1 3
e-0-56 0 67 1 3
e-2-56 1 67 1 3
e-3-56 2 67 1 3
e-4-56 3 67 1 3
e-6-56 4 67 0 3
e-7-56 5 67 0 3
e-10-56 6 67 0 3
e-19-56 7 67 0 3
e-42-56 8 67 0 3
e-48-56 9 67 0 3
e-52-56 10 67 0 3
e-73-56 11 67 0 3
e-77-56 12 67 0 3
e-82-56 13 67 1 3
e-83-56 14 67 1 3
e-85-56 15 67 1 3
e-89-56 16 67 1 3
e-0-85 0 67 1 3
e-2-85 1 67 1 3
e-3-85 2 67 1 3
e-4-85 3 67 1 3
e-6-85 4 67 0 3
e-7-85 5 67 0 3
e-10-85 6 67 0 3
e-19-85 7 67 0 3
e-42-85 8 67 0 3
e-48-85 9 67 0 3
e-52-85 10 67 0 3
e-73-85 11 67 0 3
e-77-85 12 67 0 3
e-82-85 13 67 1 3
e-83-85 14 67 1 3
e-84-85 15 67 1 3
e-85-85 16 67 1 3
e-89-85 17 67 1 3
e-0-90 0 68 1 0
e-2-90 1 68 1 0
e-3-90 2 68 1 0
e-4-90 3 68 1 0
e-6-90 4 68 0 1
e-7-90 5 68 0 1
e-10-90 6 68 0 1
e-18-90 7 68 0 1
e-44-90 8 68 0 1
e-48-90 9 68 0 1
e-52-90 10 68 0 1
e-76-90 11 68 0 1
e-77-90 12 68 0 1
e-82-90 13 68 1 2
e-83-90 14 68 1 2
e-85-90 15 68 1 2
e-89-90 16 68 1 2
e-0-97 0 68 1 3
e-2-97 1 68 1 3
e-3-97 2 68 1 3
e-4-97 3 68 1 3
e-6-97 4 68 0 3
e-7-97 5 68 0 3
e-10-97 6 68 0 3
e-18-97 7 68 0 3
e-44-97 8 68 0 3
e-48-97 9 68 0 3
e-52-97 10 68 0 3
e-76-97 11 68 0 3
e-77-97 12 68 0 3
e-82-97 13 68 1 3
e-83-97 14 68 1 3
e-85-97 15 68 1 3
e-89-97 16 68 1 3
e-0-120 0 68 1 3
e-2-120 1 68 1 3
e-3-120 2 68 1 3
e-4-120 3 68 1 3
e-6-120 4 68 0 3
e-7-120 5 68 0 3
e-10-120 6 68 0 3
e-18-120 7 68 0 3
e-44-120 8 68 0 3
e-48-120 9 68 0 3
e-52-120 10 68 0 3
e-76-120 11 68 0 3
e-77-120 12 68 0 3
e-82-120 13 68 1 3
e-83-120 14 68 1 3
e-85-120 15 68 1 3
e-89-120 16 68 1 3
e-0-139 0 68 1 3
e-2-139 1 68 1 3
e-3-139 2 68 1 3
e-4-139 3 68 1 3
e-6-139 4 68 0 3
e-7-139 5 68 0 3
e-10-139 6 68 0 3
e-18-139 7 68 0 3
e-44-139 8 68 0 3
e-48-139 9 68 0 3
e-52-139 10 68 0 3
e-76-139 11 68 0 3
e-77-139 12 68 0 3
e-82-139 13 68 1 3
e-83-139 14 68 1 3
e-85-139 15 68 1 3
e-89-139 16 68 1 3
e-0-170 0 68 1 3
e-2-170 1 68 1 3
e-3-170 2 68 1 3
e-4-170 3 68 1 3
e-6-170 4 68 0 3
e-7-170 5 68 0 3
e-10-170 6 68 0 3
e-18-170 7 68 0 3
e-44-170 8 68 0 3
e-48-170 9 68 0 3
e-52-170 10 68 0 3
e-76-170 11 68 0 3
e-77-170 12 68 0 3
e-82-170 13 68 1 3
e-83-170 14 68 1 3
e-85-170 15 68 1 3
e-89-170 16 68 1 3
e-0-8 0 69 1 0
e-2-8 1 69 1 0
e-3-8 2 69 1 0
e-4-8 3 69 1 0
e-6-8 4 69 0 1
e-7-8 5 69 0 1
e-10-8 6 69 0 1
e-17-8 7 69 0 1
e-45-8 8 69 0 1
e-49-8 9 69 0 1
e-51-8 10 69 0 1
e-75-8 11 69 0 1
e-77-8 12 69 0 1
e-82-8 13 69 1 2
e-83-8 14 69 1 2
e-85-8 15 69 1 2
e-89-8 16 69 1 2
e-0-39 0 69 1 3
e-2-39 1 69 1 3
e-3-39 2 69 1 3
e-4-39 3 69 1 3
e-6-39 4 69 0 3
e-7-39 5 69 0 3
e-10-39 6 69 0 3
e-17-39 7 69 0 3
e-45-39 8 69 0 3
e-49-39 9 69 0 3
e-51-39 10 69 0 3
e-75-39 11 69 0 3
e-77-39 12 69 0 3
e-82-39 13 69 1 3
e-83-39 14 69 1 3
e-85-39 15 69 1 3
e-89-39 16 69 1 3
e-0-191 0 69 1 3
e-2-191 1 69 1 3
e-3-191 2 69 1 3
e-4-191 3 69 1 3
e-6-191 4 69 0 3
e-7-191 5 69 0 3
e-10-191 6 69 0 3
e-17-191 7 69 0 3
e-45-191 8 69 0 3
e-49-191 9 69 0 3
e-51-191 10 69 0 3
e-75-191 11 69 0 3
e-77-191 12 69 0 3
e-82-191 13 69 1 3
e-83-191 14 69 1 3
e-85-191 15 69 1 3
e-89-191 16 69 1 3
e-0-14 0 70 1 0
e-2-14 1 70 1 0
e-3-14 2 70 1 0
e-4-14 3 70 1 0
e-6-14 4 70 0 1
e-7-14 5 70 0 1
e-10-14 6 70 0 1
e-17-14 7 70 0 1
e-45-14 8 70 0 1
e-48-14 9 70 0 1
e-53-14 10 70 0 1
e-69-14 11 70 0 1
e-78-14 12 70 0 1
e-82-14 13 70 1 2
e-83-14 14 70 1 2
e-85-14 15 70 1 2
e-89-14 16 70 1 2
e-0-91 0 70 1 3
e-2-91 1 70 1 3
e-3-91 2 70 1 3
e-4-91 3 70 1 3
e-6-91 4 70 0 3
e-7-91 5 70 0 3
e-10-91 6 70 0 3
e-17-91 7 70 0 3
e-45-91 8 70 0 3
e-48-91 9 70 0 3
e-53-91 10 70 0 3
e-69-91 11 70 0 3
e-78-91 12 70 0 3
e-82-91 13 70 1 3
e-83-91 14 70 1 3
e-85-91 15 70 1 3
e-89-91 16 70 1 3
e-0-158 0 70 1 3
e-2-158 1 70 1 3
e-3-158 2 70 1 3
e-4-158 3 70 1 3
e-6-158 4 70 0 3
e-7-158 5 70 0 3
e-10-158 6 70 0 3
e-17-158 7 70 0 3
e-45-158 8 70 0 3
e-48-158 9 70 0 3
e-53-158 10 70 0 3
e-69-158 11 70 0 3
e-78-158 12 70 0 3
e-82-158 13 70 1 3
e-83-158 14 70 1 3
e-85-158 15 70 1 3
e-89-158 16 70 1 3
e-0-18 0 71 1 0
e-2-18 1 71 1 0
e-3-18 2 71 1 0
e-4-18 3 71 1 0
e-6-18 4 71 0 1
e-7-18 5 71 0 1
e-10-18 6 71 0 1
e-17-18 7 71 0 1
e-45-18 8 71 0 1
e-48-18 9 71 0 1
e-52-18 10 71 0 1
e-63-18 11 71 0 1
e-78-18 12 71 0 1
e-82-18 13 71 1 2
e-83-18 14 71 1 2
e-85-18 15 71 1 2
e-89-18 16 71 1 2
e-0-23 0 71 1 3
e-2-23 1 71 1 3
e-3-23 2 71 1 3
e-4-23 3 71 1 3
e-6-23 4 71 0 3
e-7-23 5 71 0 3
e-10-23 6 71 0 3
e-17-23 7 71 0 3
e-45-23 8 71 0 3
e-48-23 9 71 0 3
e-52-23 10 71 0 3
e-63-23 11 71 0 3
e-78-23 12 71 0 3
e-82-23 13 71 1 3
e-83-23 14 71 1 3
e-85-23 15 71 1 3
e-89-23 16 71 1 3
e-0-150 0 71 1 3
e-2-150 1 71 1 3
e-3-150 2 71 1 3
e-4-150 3 71 1 3
e-6-150 4 71 0 3
e-7-150 5 71 0 3
e-10-150 6 71 0 3
e-17-150 7 71 0 3
e-45-150 8 71 0 3
e-48-150 9 71 0 3
e-52-150 10 71 0 3
e-63-150 11 71 0 3
e-78-150 12 71 0 3
e-82-150 13 71 1 3
e-83-150 14 71 1 3
e-85-150 15 71 1 3
e-89-150 16 71 1 3
e-0-151 0 71 1 3
e-2-151 1 71 1 3
e-3-151 2 71 1 3
e-4-151 3 71 1 3
e-6-151 4 71 0 3
e-7-151 5 71 0 3
e-10-151 6 71 0 3
e-17-151 7 71 0 3
e-45-151 8 71 0 3
e-48-151 9 71 0 3
e-52-151 10 71 0 3
e-63-151 11 71 0 3
e-78-151 12 71 0 3
e-82-151 13 71 1 3
e-83-151 14 71 1 3
e-85-151 15 71 1 3
e-89-151 16 71 1 3
e-0-53 0 72 1 0
e-2-53 1 72 1 0
e-3-53 2 72 1 0
e-4-53 3 72 1 0
e-6-53 4 72 0 1
e-7-53 5 72 0 1
e-10-53 6 72 0 1
e-17-53 7 72 0 1
e-45-53 8 72 0 1
e-47-53 9 72 0 1
e-50-53 10 72 0 1
e-75-53 11 72 0 1
e-77-53 12 72 0 1
e-82-53 13 72 1 2
e-83-53 14 72 1 2
e-85-53 15 72 1 2
e-89-53 16 72 1 2
e-0-60 0 72 1 3
e-2-60 1 72 1 3
e-3-60 2 72 1 3
e-4-60 3 72 1 3
e-6-60 4 72 0 3
e-7-60 5 72 0 3
e-10-60 6 72 0 3
e-17-60 7 72 0 3
e-45-60 8 72 0 3
e-47-60 9 72 0 3
e-50-60 10 72 0 3
e-75-60 11 72 0 3
e-77-60 12 72 0 3
e-82-60 13 72 1 3
e-83-60 14 72 1 3
e-85-60 15 72 1 3
e-89-60 16 72 1 3
e-0-157 0 73 1 0
e-2-157 1 73 1 0
e-3-157 2 73 1 0
e-4-157 3 73 1 0
e-6-157 4 73 0 1
e-7-157 5 73 0 1
e-10-157 6 73 0 1
e-17-157 7 73 0 1
e-45-157 8 73 0 1
e-47-157 9 73 0 1
e-50-157 10 73 0 1
e-74-157 11 73 0 1
e-78-157 12 73 0 1
e-82-157 13 73 1 2
e-83-157 14 73 1 2
e-85-157 15 73 1 2
e-89-157 16 73 1 2
e-0-20 0 74 1 0
e-2-20 1 74 1 0
e-3-20 2 74 1 0
e-4-20 3 74 1 0
e-6-20 4 74 0 1
e-7-20 5 74 0 1
e-10-20 6 74 0 1
e-17-20 7 74 0 1
e-44-20 8 74 0 1
e-49-20 9 74 0 1
e-51-20 10 74 0 1
e-70-20 11 74 0 1
e-78-20 12 74 0 1
e-82-20 13 74 1 2
e-83-20 14 74 1 2
e-85-20 15 74 1 2
e-89-20 16 74 1 2
e-0-22 0 75 1 0
e-2-22 1 75 1 0
e-3-22 2 75 1 0
e-4-22 3 75 1 0
e-6-22 4 75 0 1
e-7-22 5 75 0 1
e-10-22 6 75 0 1
e-17-22 7 75 0 1
e-44-22 8 75 0 1
e-48-22 9 75 0 1
e-53-22 10 75 0 1
e-72-22 11 75 0 1
e-78-22 12 75 0 1
e-82-22 13 75 1 2
e-83-22 14 75 1 2
e-85-22 15 75 1 2
e-89-22 16 75 1 2
e-0-77 0 75 1 3
e-2-77 1 75 1 3
e-3-77 2 75 1 3
e-4-77 3 75 1 3
e-6-77 4 75 0 3
e-7-77 5 75 0 3
e-10-77 6 75 0 3
e-17-77 7 75 0 3
e-44-77 8 75 0 3
e-48-77 9 75 0 3
e-53-77 10 75 0 3
e-72-77 11 75 0 3
e-78-77 12 75 0 3
e-82-77 13 75 1 3
e-83-77 14 75 1 3
e-85-77 15 75 1 3
e-89-77 16 75 1 3
e-0-28 0 76 1 0
e-2-28 1 76 1 0
e-3-28 2 76 1 0
e-4-28 3 76 1 0
e-6-28 4 76 0 1
e-7-28 5 76 0 1
e-10-28 6 76 0 1
e-17-28 7 76 0 1
e-44-28 8 76 0 1
e-48-28 9 76 0 1
e-53-28 10 76 0 1
e-71-28 11 76 0 1
e-78-28 12 76 0 1
e-82-28 13 76 1 2
e-83-28 14 76 1 2
e-85-28 15 76 1 2
e-89-28 16 76 1 2
e-0-71 0 76 1 3
e-2-71 1 76 1 3
e-3-71 2 76 1 3
e-4-71 3 76 1 3
e-6-71 4 76 0 3
e-7-71 5 76 0 3
e-10-71 6 76 0 3
e-17-71 7 76 0 3
e-44-71 8 76 0 3
e-48-71 9 76 0 3
e-53-71 10 76 0 3
e-71-71 11 76 0 3
e-78-71 12 76 0 3
e-82-71 13 76 1 3
e-83-71 14 76 1 3
e-85-71 15 76 1 3
e-89-71 16 76 1 3
e-0-26 0 77 1 0
e-2-26 1 77 1 0
e-3-26 2 77 1 0
e-4-26 3 77 1 0
e-6-26 4 77 0 1
e-7-26 5 77 0 1
e-10-26 6 77 0 1
e-17-26 7 77 0 1
e-44-26 8 77 0 1
e-48-26 9 77 0 1
e-52-26 10 77 0 1
e-69-26 11 77 0 1
e-78-26 12 77 0 1
e-82-26 13 77 1 2
e-83-26 14 77 1 2
e-85-26 15 77 1 2
e-89-26 16 77 1 2
e-0-113 0 77 1 3
e-2-113 1 77 1 3
e-3-113 2 77 1 3
e-4-113 3 77 1 3
e-6-113 4 77 0 3
e-7-113 5 77 0 3
e-10-113 6 77 0 3
e-17-113 7 77 0 3
e-44-113 8 77 0 3
e-48-113 9 77 0 3
e-52-113 10 77 0 3
e-69-113 11 77 0 3
e-78-113 12 77 0 3
e-82-113 13 77 1 3
e-83-113 14 77 1 3
e-85-113 15 77 1 3
e-89-113 16 77 1 3
e-0-114 0 77 1 3
e-2-114 1 77 1 3
e-3-114 2 77 1 3
e-4-114 3 77 1 3
e-6-114 4 77 0 3
e-7-114 5 77 0 3
e-10-114 6 77 0 3
e-17-114 7 77 0 3
e-44-114 8 77 0 3
e-48-114 9 77 0 3
e-52-114 10 77 0 3
e-69-114 11 77 0 3
e-78-114 12 77 0 3
e-82-114 13 77 1 3
e-83-114 14 77 1 3
e-85-114 15 77 1 3
e-89-114 16 77 1 3
e-0-130 0 77 1 3
e-2-130 1 77 1 3
e-3-130 2 77 1 3
e-4-130 3 77 1 3
e-6-130 4 77 0 3
e-7-130 5 77 0 3
e-10-130 6 77 0 3
e-17-130 7 77 0 3
e-44-130 8 77 0 3
e-48-130 9 77 0 3
e-52-130 10 77 0 3
e-69-130 11 77 0 3
e-78-130 12 77 0 3
e-82-130 13 77 1 3
e-83-130 14 77 1 3
e-85-130 15 77 1 3
e-89-130 16 77 1 3
e-0-137 0 77 1 3
e-2-137 1 77 1 3
e-3-137 2 77 1 3
e-4-137 3 77 1 3
e-6-137 4 77 0 3
e-7-137 5 77 0 3
e-10-137 6 77 0 3
e-17-137 7 77 0 3
e-44-137 8 77 0 3
e-48-137 9 77 0 3
e-52-137 10 77 0 3
e-69-137 11 77 0 3
e-78-137 12 77 0 3
e-82-137 13 77 1 3
e-83-137 14 77 1 3
e-85-137 15 77 1 3
e-89-137 16 77 1 3
e-0-48 0 78 1 0
e-2-48 1 78 1 0
e-3-48 2 78 1 0
e-4-48 3 78 1 0
e-6-48 4 78 0 1
e-7-48 5 78 0 1
e-10-48 6 78 0 1
e-17-48 7 78 0 1
e-44-48 8 78 0 1
e-48-48 9 78 0 1
e-50-48 10 78 0 1
e-66-48 11 78 0 1
e-78-48 12 78 0 1
e-82-48 13 78 1 2
e-83-48 14 78 1 2
e-85-48 15 78 1 2
e-89-48 16 78 1 2
e-0-78 0 78 1 3
e-2-78 1 78 1 3
e-3-78 2 78 1 3
e-4-78 3 78 1 3
e-6-78 4 78 0 3
e-7-78 5 78 0 3
e-10-78 6 78 0 3
e-17-78 7 78 0 3
e-44-78 8 78 0 3
e-48-78 9 78 0 3
e-50-78 10 78 0 3
e-66-78 11 78 0 3
e-78-78 12 78 0 3
e-82-78 13 78 1 3
e-83-78 14 78 1 3
e-85-78 15 78 1 3
e-89-78 16 78 1 3
e-0-24 0 79 1 0
e-2-24 1 79 1 0
e-3-24 2 79 1 0
e-4-24 3 79 1 0
e-6-24 4 79 0 1
e-7-24 5 79 0 1
e-10-24 6 79 0 1
e-17-24 7 79 0 1
e-42-24 8 79 0 1
e-49-24 9 79 0 1
e-51-24 10 79 0 1
e-75-24 11 79 0 1
e-77-24 12 79 0 1
e-82-24 13 79 1 2
e-83-24 14 79 1 2
e-85-24 15 79 1 2
e-89-24 16 79 1 2
e-0-100 0 80 1 0
e-2-100 1 80 1 0
e-3-100 2 80 1 0
e-4-100 3 80 1 0
e-6-100 4 80 0 1
e-7-100 5 80 0 1
e-10-100 6 80 0 1
e-17-100 7 80 0 1
e-42-100 8 80 0 1
e-48-100 9 80 0 1
e-52-100 10 80 0 1
e-74-100 11 80 0 1
e-77-100 12 80 0 1
e-82-100 13 80 1 2
e-83-100 14 80 1 2
e-85-100 15 80 1 2
e-89-100 16 80 1 2
e-0-192 0 80 1 3
e-2-192 1 80 1 3
e-3-192 2 80 1 3
e-4-192 3 80 1 3
e-6-192 4 80 0 3
e-7-192 5 80 0 3
e-10-192 6 80 0 3
e-17-192 7 80 0 3
e-42-192 8 80 0 3
e-48-192 9 80 0 3
e-52-192 10 80 0 3
e-74-192 11 80 0 3
e-77-192 12 80 0 3
e-82-192 13 80 1 3
e-83-192 14 80 1 3
e-85-192 15 80 1 3
e-89-192 16 80 1 3
e-0-61 0 81 1 0
e-2-61 1 81 1 0
e-3-61 2 81 1 0
e-4-61 3 81 1 0
e-6-61 4 81 0 1
e-7-61 5 81 0 1
e-10-61 6 81 0 1
e-17-61 7 81 0 1
e-42-61 8 81 0 1
e-48-61 9 81 0 1
e-52-61 10 81 0 1
e-73-61 11 81 0 1
e-78-61 12 81 0 1
e-82-61 13 81 1 2
e-83-61 14 81 1 2
e-85-61 15 81 1 2
e-89-61 16 81 1 2
e-0-105 0 82 1 0
e-2-105 1 82 1 0
e-3-105 2 82 1 0
e-4-105 3 82 1 0
e-6-105 4 82 0 1
e-7-105 5 82 0 1
e-10-105 6 82 0 1
e-17-105 7 82 0 1
e-42-105 8 82 0 1
e-47-105 9 82 0 1
e-52-105 10 82 0 1
e-65-105 11 82 0 1
e-78-105 12 82 0 1
e-82-105 13 82 1 2
e-83-105 14 82 1 2
e-85-105 15 82 1 2
e-89-105 16 82 1 2
e-0-135 0 82 1 3
e-2-135 1 82 1 3
e-3-135 2 82 1 3
e-4-135 3 82 1 3
e-6-135 4 82 0 3
e-7-135 5 82 0 3
e-10-135 6 82 0 3
e-17-135 7 82 0 3
e-42-135 8 82 0 3
e-47-135 9 82 0 3
e-52-135 10 82 0 3
e-65-135 11 82 0 3
e-78-135 12 82 0 3
e-82-135 13 82 1 3
e-83-135 14 82 1 3
e-85-135 15 82 1 3
e-89-135 16 82 1 3
e-0-49 0 83 1 0
e-2-49 1 83 1 0
e-3-49 2 83 1 0
e-4-49 3 83 1 0
e-6-49 4 83 0 1
e-7-49 5 83 0 1
e-10-49 6 83 0 1
e-17-49 7 83 0 1
e-42-49 8 83 0 1
e-47-49 9 83 0 1
e-52-49 10 83 0 1
e-62-49 11 83 0 1
e-78-49 12 83 0 1
e-82-49 13 83 1 2
e-83-49 14 83 1 2
e-85-49 15 83 1 2
e-89-49 16 83 1 2
e-0-82 0 83 1 3
e-2-82 1 83 1 3
e-3-82 2 83 1 3
e-4-82 3 83 1 3
e-6-82 4 83 0 3
e-7-82 5 83 0 3
e-10-82 6 83 0 3
e-17-82 7 83 0 3
e-42-82 8 83 0 3
e-47-82 9 83 0 3
e-52-82 10 83 0 3
e-62-82 11 83 0 3
e-78-82 12 83 0 3
e-82-82 13 83 1 3
e-83-82 14 83 1 3
e-85-82 15 83 1 3
e-89-82 16 83 1 3
e-0-147 0 84 1 0
e-2-147 1 84 1 0
e-3-147 2 84 1 0
e-4-147 3 84 1 0
e-6-147 4 84 0 1
e-7-147 5 84 0 1
e-10-147 6 84 0 1
e-17-147 7 84 0 1
e-42-147 8 84 0 1
e-47-147 9 84 0 1
e-52-147 10 84 0 1
e-58-147 11 84 0 1
e-78-147 12 84 0 1
e-82-147 13 84 1 2
e-83-147 14 84 1 2
e-85-147 15 84 1 2
e-89-147 16 84 1 2
e-0-88 0 85 1 0
e-2-88 1 85 1 0
e-3-88 2 85 1 0
e-4-88 3 85 1 0
e-6-88 4 85 0 1
e-7-88 5 85 0 1
e-10-88 6 85 0 1
e-16-88 7 85 0 1
e-45-88 8 85 0 1
e-48-88 9 85 0 1
e-52-88 10 85 0 1
e-63-88 11 85 0 1
e-78-88 12 85 0 1
e-82-88 13 85 1 2
e-83-88 14 85 1 2
e-85-88 15 85 1 2
e-89-88 16 85 1 2
e-0-138 0 85 1 3
e-2-138 1 85 1 3
e-3-138 2 85 1 3
e-4-138 3 85 1 3
e-6-138 4 85 0 3
e-7-138 5 85 0 3
e-10-138 6 85 0 3
e-16-138 7 85 0 3
e-45-138 8 85 0 3
e-48-138 9 85 0 3
e-52-138 10 85 0 3
e-63-138 11 85 0 3
e-78-138 12 85 0 3
e-82-138 13 85 1 3
e-83-138 14 85 1 3
e-85-138 15 85 1 3
e-89-138 16 85 1 3
e-0-143 0 85 1 3
e-2-143 1 85 1 3
e-3-143 2 85 1 3
e-4-143 3 85 1 3
e-6-143 4 85 0 3
e-7-143 5 85 0 3
e-10-143 6 85 0 3
e-16-143 7 85 0 3
e-45-143 8 85 0 3
e-48-143 9 85 0 3
e-52-143 10 85 0 3
e-63-143 11 85 0 3
e-78-143 12 85 0 3
e-82-143 13 85 1 3
e-83-143 14 85 1 3
e-85-143 15 85 1 3
e-89-143 16 85 1 3
e-0-179 0 85 1 3
e-2-179 1 85 1 3
e-3-179 2 85 1 3
e-4-179 3 85 1 3
e-6-179 4 85 0 3
e-7-179 5 85 0 3
e-10-179 6 85 0 3
e-16-179 7 85 0 3
e-45-179 8 85 0 3
e-48-179 9 85 0 3
e-52-179 10 85 0 3
e-63-179 11 85 0 3
e-78-179 12 85 0 3
e-82-179 13 85 1 3
e-83-179 14 85 1 3
e-85-179 15 85 1 3
e-89-179 16 85 1 3
e-0-37 0 86 1 0
e-2-37 1 86 1 0
e-3-37 2 86 1 0
e-4-37 3 86 1 0
e-6-37 4 86 0 1
e-7-37 5 86 0 1
e-10-37 6 86 0 1
e-16-37 7 86 0 1
e-44-37 8 86 0 1
e-48-37 9 86 0 1
e-52-37 10 86 0 1
e-58-37 11 86 0 1
e-78-37 12 86 0 1
e-82-37 13 86 1 2
e-83-37 14 86 1 2
e-85-37 15 86 1 2
e-89-37 16 86 1 2
e-0-94 0 87 1 0
e-2-94 1 87 1 0
e-3-94 2 87 1 0
e-4-94 3 87 1 0
e-6-94 4 87 0 1
e-7-94 5 87 0 1
e-10-94 6 87 0 1
e-16-94 7 87 0 1
e-44-94 8 87 0 1
e-48-94 9 87 0 1
e-52-94 10 87 0 1
e-57-94 11 87 0 1
e-78-94 12 87 0 1
e-82-94 13 87 1 2
e-83-94 14 87 1 2
e-85-94 15 87 1 2
e-89-94 16 87 1 2
e-0-159 0 88 1 0
e-2-159 1 88 1 0
e-3-159 2 88 1 0
e-4-159 3 88 1 0
e-6-159 4 88 0 1
e-7-159 5 88 0 1
e-10-159 6 88 0 1
e-15-159 7 88 0 1
e-45-159 8 88 0 1
e-48-159 9 88 0 1
e-53-159 10 88 0 1
e-64-159 11 88 0 1
e-78-159 12 88 0 1
e-82-159 13 88 1 2
e-83-159 14 88 1 2
e-85-159 15 88 1 2
e-89-159 16 88 1 2
e-0-163 0 88 1 3
e-2-163 1 88 1 3
e-3-163 2 88 1 3
e-4-163 3 88 1 3
e-6-163 4 88 0 3
e-7-163 5 88 0 3
e-10-163 6 88 0 3
e-15-163 7 88 0 3
e-45-163 8 88 0 3
e-48-163 9 88 0 3
e-53-163 10 88 0 3
e-64-163 11 88 0 3
e-78-163 12 88 0 3
e-82-163 13 88 1 3
e-83-163 14 88 1 3
e-85-163 15 88 1 3
e-89-163 16 88 1 3
e-0-186 0 89 1 0
e-2-186 1 89 1 0
e-3-186 2 89 1 0
e-4-186 3 89 1 0
e-6-186 4 89 0 1
e-7-186 5 89 0 1
e-10-186 6 89 0 1
e-15-186 7 89 0 1
e-45-186 8 89 0 1
e-48-186 9 89 0 1
e-53-186 10 89 0 1
e-63-186 11 89 0 1
e-78-186 12 89 0 1
e-82-186 13 89 1 2
e-83-186 14 89 1 2
e-85-186 15 89 1 2
e-89-186 16 89 1 2
e-0-123 0 90 1 0
e-2-123 1 90 1 0
e-3-123 2 90 1 0
e-4-123 3 90 1 0
e-6-123 4 90 0 1
e-7-123 5 90 0 1
e-10-123 6 90 0 1
e-15-123 7 90 0 1
e-45-123 8 90 0 1
e-48-123 9 90 0 1
e-53-123 10 90 0 1
e-60-123 11 90 0 1
e-78-123 12 90 0 1
e-82-123 13 90 1 2
e-83-123 14 90 1 2
e-85-123 15 90 1 2
e-89-123 16 90 1 2
e-0-4 0 91 1 0
e-2-4 1 91 1 0
e-3-4 2 91 1 0
e-4-4 3 91 1 0
e-6-4 4 91 0 1
e-7-4 5 91 0 1
e-10-4 6 91 0 1
e-14-4 7 91 0 1
e-45-4 8 91 0 1
e-48-4 9 91 0 1
e-53-4 10 91 0 1
e-66-4 11 91 0 1
e-78-4 12 91 0 1
e-82-4 13 91 1 2
e-83-4 14 91 1 2
e-85-4 15 91 1 2
e-89-4 16 91 1 2
e-0-36 0 92 1 0
e-2-36 1 92 1 0
e-3-36 2 92 1 0
e-4-36 3 92 1 0
e-6-36 4 92 0 1
e-7-36 5 92 0 1
e-10-36 6 92 0 1
e-14-36 7 92 0 1
e-45-36 8 92 0 1
e-48-36 9 92 0 1
e-53-36 10 92 0 1
e-65-36 11 92 0 1
e-78-36 12 92 0 1
e-82-36 13 92 1 2
e-83-36 14 92 1 2
e-84-36 15 92 1 2
e-85-36 16 92 1 2
e-89-36 17 92 1 2
e-0-62 0 92 1 3
e-2-62 1 92 1 3
e-3-62 2 92 1 3
e-4-62 3 92 1 3
e-6-62 4 92 0 3
e-7-62 5 92 0 3
e-10-62 6 92 0 3
e-14-62 7 92 0 3
e-45-62 8 92 0 3
e-48-62 9 92 0 3
e-53-62 10 92 0 3
e-65-62 11 92 0 3
e-78-62 12 92 0 3
e-82-62 13 92 1 3
e-83-62 14 92 1 3
e-85-62 15 92 1 3
e-89-62 16 92 1 3
e-0-173 0 92 1 3
e-2-173 1 92 1 3
e-3-173 2 92 1 3
e-4-173 3 92 1 3
e-6-173 4 92 0 3
e-7-173 5 92 0 3
e-10-173 6 92 0 3
e-14-173 7 92 0 3
e-45-173 8 92 0 3
e-48-173 9 92 0 3
e-53-173 10 92 0 3
e-65-173 11 92 0 3
e-78-173 12 92 0 3
e-82-173 13 92 1 3
e-83-173 14 92 1 3
e-85-173 15 92 1 3
e-89-173 16 92 1 3
e-0-197 0 93 1 0
e-2-197 1 93 1 0
e-3-197 2 93 1 0
e-4-197 3 93 1 0
e-6-197 4 93 0 1
e-7-197 5 93 0 1
e-10-197 6 93 0 1
e-13-197 7 93 0 1
e-44-197 8 93 0 1
e-48-197 9 93 0 1
e-53-197 10 93 0 1
e-65-197 11 93 0 1
e-78-197 12 93 0 1
e-82-197 13 93 1 2
e-83-197 14 93 1 2
e-85-197 15 93 1 2
e-89-197 16 93 1 2
e-0-125 0 94 1 0
e-2-125 1 94 1 0
e-3-125 2 94 1 0
e-4-125 3 94 1 0
e-6-125 4 94 0 1
e-7-125 5 94 0 1
e-10-125 6 94 0 1
e-13-125 7 94 0 1
e-44-125 8 94 0 1
e-48-125 9 94 0 1
e-53-125 10 94 0 1
e-64-125 11 94 0 1
e-78-125 12 94 0 1
e-82-125 13 94 1 2
e-83-125 14 94 1 2
e-85-125 15 94 1 2
e-89-125 16 94 1 2
e-0-166 0 94 1 3
e-2-166 1 94 1 3
e-3-166 2 94 1 3
e-4-166 3 94 1 3
e-6-166 4 94 0 3
e-7-166 5 94 0 3
e-10-166 6 94 0 3
e-13-166 7 94 0 3
e-44-166 8 94 0 3
e-48-166 9 94 0 3
e-53-166 10 94 0 3
e-64-166 11 94 0 3
e-78-166 12 94 0 3
e-82-166 13 94 1 3
e-83-166 14 94 1 3
e-85-166 15 94 1 3
e-89-166 16 94 1 3
e-0-63 0 95 1 0
e-2-63 1 95 1 0
e-3-63 2 95 1 0
e-4-63 3 95 1 0
e-6-63 4 95 0 1
e-7-63 5 95 0 1
e-10-63 6 95 0 1
e-13-63 7 95 0 1
e-44-63 8 95 0 1
e-48-63 9 95 0 1
e-52-63 10 95 0 1
e-73-63 11 95 0 1
e-78-63 12 95 0 1
e-82-63 13 95 1 2
e-83-63 14 95 1 2
e-85-63 15 95 1 2
e-89-63 16 95 1 2
e-0-116 0 96 1 0
e-2-116 1 96 1 0
e-3-116 2 96 1 0
e-4-116 3 96 1 0
e-6-116 4 96 0 1
e-7-116 5 96 0 1
e-10-116 6 96 0 1
e-12-116 7 96 0 1
e-45-116 8 96 0 1
e-48-116 9 96 0 1
e-53-116 10 96 0 1
e-56-116 11 96 0 1
e-78-116 12 96 0 1
e-82-116 13 96 1 2
e-83-116 14 96 1 2
e-85-116 15 96 1 2
e-89-116 16 96 1 2
e-0-177 0 97 1 0
e-2-177 1 97 1 0
e-3-177 2 97 1 0
e-4-177 3 97 1 0
e-6-177 4 97 0 1
e-7-177 5 97 0 1
e-10-177 6 97 0 1
e-12-177 7 97 0 1
e-45-177 8 97 0 1
e-48-177 9 97 0 1
e-53-177 10 97 0 1
e-55-177 11 97 0 1
e-78-177 12 97 0 1
e-82-177 13 97 1 2
e-83-177 14 97 1 2
e-85-177 15 97 1 2
e-89-177 16 97 1 2
e-0-172 0 98 1 0
e-2-172 1 98 1 0
e-3-172 2 98 1 0
e-4-172 3 98 1 0
e-6-172 4 98 0 1
e-7-172 5 98 0 1
e-10-172 6 98 0 1
e-12-172 7 98 0 1
e-45-172 8 98 0 1
e-48-172 9 98 0 1
e-52-172 10 98 0 1
e-69-172 11 98 0 1
e-78-172 12 98 0 1
e-82-172 13 98 1 2
e-83-172 14 98 1 2
e-85-172 15 98 1 2
e-89-172 16 98 1 2
e-0-140 0 99 1 0
e-2-140 1 99 1 0
e-3-140 2 99 1 0
e-4-140 3 99 1 0
e-6-140 4 99 0 1
e-7-140 5 99 0 1
e-10-140 6 99 0 1
e-11-140 7 99 0 1
e-45-140 8 99 0 1
e-48-140 9 99 0 1
e-52-140 10 99 0 1
e-55-140 11 99 0 1
e-78-140 12 99 0 1
e-82-140 13 99 1 2
e-83-140 14 99 1 2
e-85-140 15 99 1 2
e-89-140 16 99 1 2
e-0-42 0 100 1 0
e-2-42 1 100 1 0
e-3-42 2 100 1 0
e-4-42 3 100 1 0
e-6-42 4 100 0 1
e-7-42 5 100 0 1
e-10-42 6 100 0 1
e-11-42 7 100 0 1
e-45-42 8 100 0 1
e-48-42 9 100 0 1
e-52-42 10 100 0 1
e-54-42 11 100 0 1
e-78-42 12 100 0 1
e-82-42 13 100 1 2
e-83-42 14 100 1 2
e-85-42 15 100 1 2
e-89-42 16 100 1 2
e-0-128 0 100 1 3
e-2-128 1 100 1 3
e-3-128 2 100 1 3
e-4-128 3 100 1 3
e-6-128 4 100 0 3
e-7-128 5 100 0 3
e-10-128 6 100 0 3
e-11-128 7 100 0 3
e-45-128 8 100 0 3
e-48-128 9 100 0 3
e-52-128 10 100 0 3
e-54-128 11 100 0 3
e-78-128 12 100 0 3
e-82-128 13 100 1 3
e-83-128 14 100 1 3
e-85-128 15 100 1 3
e-89-128 16 100 1 3
e-0-195 0 100 1 3
e-2-195 1 100 1 3
e-3-195 2 100 1 3
e-4-195 3 100 1 3
e-6-195 4 100 0 3
e-7-195 5 100 0 3
e-10-195 6 100 0 3
e-11-195 7 100 0 3
e-45-195 8 100 0 3
e-48-195 9 100 0 3
e-52-195 10 100 0 3
e-54-195 11 100 0 3
e-78-195 12 100 0 3
e-82-195 13 100 1 3
e-83-195 14 100 1 3
e-85-195 15 100 1 3
e-89-195 16 100 1 3
e-0-10 0 101 1 0
e-1-10 1 101 1 0
e-2-10 2 101 1 0
e-3-10 3 101 1 0
e-4-10 4 101 1 0
e-5-10 5 101 0 1
e-8-10 6 101 0 1
e-9-10 7 101 0 1
e-27-10 8 101 0 1
e-46-10 9 101 0 1
e-48-10 10 101 0 1
e-50-10 11 101 0 1
e-73-10 12 101 0 1
e-78-10 13 101 0 1
e-80-10 14 101 0 1
e-81-10 15 101 0 1
e-86-10 16 101 1 2
e-87-10 17 101 1 2
e-88-10 18 101 1 2
e-89-10 19 101 1 2
e-0-17 0 102 1 0
e-1-17 1 102 1 0
e-2-17 2 102 1 0
e-3-17 3 102 1 0
e-4-17 4 102 1 0
e-5-17 5 102 0 1
e-8-17 6 102 0 1
e-9-17 7 102 0 1
e-27-17 8 102 0 1
e-46-17 9 102 0 1
e-48-17 10 102 0 1
e-50-17 11 102 0 1
e-70-17 12 102 0 1
e-78-17 13 102 0 1
e-80-17 14 102 0 1
e-81-17 15 102 0 1
e-86-17 16 102 1 2
e-87-17 17 102 1 2
e-88-17 18 102 1 2
e-89-17 19 102 1 2
e-0-13 0 103 1 0
e-1-13 1 103 1 0
e-2-13 2 103 1 0
e-3-13 3 103 1 0
e-4-13 4 103 1 0
e-5-13 5 103 0 1
e-8-13 6 103 0 1
e-9-13 7 103 0 1
e-27-13 8 103 0 1
e-46-13 9 103 0 1
e-48-13 10 103 0 1
e-50-13 11 103 0 1
e-69-13 12 103 0 1
e-78-13 13 103 0 1
e-80-13 14 103 0 1
e-81-13 15 103 0 1
e-86-13 16 103 1 2
e-87-13 17 103 1 2
e-88-13 18 103 1 2
e-89-13 19 103 1 2
e-0-109 0 103 1 3
e-1-109 1 103 1 3
e-2-109 2 103 1 3
e-3-109 3 103 1 3
e-4-109 4 103 1 3
e-5-109 5 103 0 3
e-8-109 6 103 0 3
e-9-109 7 103 0 3
e-27-109 8 103 0 3
e-46-109 9 103 0 3
e-48-109 10 103 0 3
e-50-109 11 103 0 3
e-69-109 12 103 0 3
e-78-109 13 103 0 3
e-80-109 14 103 0 3
e-81-109 15 103 0 3
e-86-109 16 103 1 3
e-87-109 17 103 1 3
e-88-109 18 103 1 3
e-89-109 19 103 1 3
e-0-193 0 103 1 3
e-1-193 1 103 1 3
e-2-193 2 103 1 3
e-3-193 3 103 1 3
e-4-193 4 103 1 3
e-5-193 5 103 0 3
e-8-193 6 103 0 3
e-9-193 7 103 0 3
e-27-193 8 103 0 3
e-46-193 9 103 0 3
e-48-193 10 103 0 3
e-50-193 11 103 0 3
e-69-193 12 103 0 3
e-78-193 13 103 0 3
e-80-193 14 103 0 3
e-81-193 15 103 0 3
e-86-193 16 103 1 3
e-87-193 17 103 1 3
e-88-193 18 103 1 3
e-89-193 19 103 1 3
